población | p.cruzamiento | p.mutacion | ejecucion | fitness | distancia | tiempo | desborde | t.computo

50 0.6 0.001 0 1.7851658101046383E13 212467.84 2.6350324E7 0 69238 
50 0.6 0.001 1 1.7800310533744133E13 211720.53 2.6283068E7 0 14559 
50 0.6 0.001 2 1.785184449402279E13 212028.75 2.63263E7 0 22753 
50 0.6 0.001 3 1.7851826106930895E13 212072.11 2.640672E7 0 62454 
50 0.6 0.001 4 1.7851524969113613E13 212780.92 2.6378492E7 0 47338 
50 0.6 0.001 5 1.7800746544908984E13 211727.38 2.630059E7 0 13153 
50 0.6 0.001 6 1.7800392625376336E13 211615.06 2.628907E7 0 19931 
50 0.6 0.001 7 1.7852452767921348E13 210589.45 2.6302012E7 0 34809 
50 0.6 0.001 8 1.7800810030510395E13 211474.44 2.6285876E7 0 22750 
50 0.6 0.001 9 1.7851564217020926E13 212688.67 2.6305708E7 0 18485 
50 0.6 0.001 10 1.7852452767921348E13 210589.45 2.6302012E7 0 54018 
50 0.6 0.001 11 1.780131714048114E13 211241.78 2.6345226E7 0 21536 
50 0.6 0.001 12 1.7852592271447227E13 210257.97 2.6317412E7 0 27744 
50 0.6 0.001 13 1.780171985790252E13 210589.45 2.6302012E7 0 39462 
50 0.6 0.001 14 1.7852244654445062E13 211083.0 2.630321E7 0 29913 
50 0.6 0.001 15 1.7800807985179707E13 211677.8 2.630731E7 0 21033 
50 0.6 0.001 16 1.7799755338073637E13 212930.28 2.631798E7 0 60693 
50 0.6 0.001 17 1.785158134514537E13 212648.4 2.6483726E7 0 22095 
50 0.6 0.001 18 1.7799110670988008E13 212305.06 2.6427898E7 0 22553 
50 0.6 0.001 19 1.7852018852462023E13 211617.19 2.6363212E7 0 32145 
50 0.6 0.001 20 1.7800829209568906E13 211905.0 2.6242992E7 0 43216 
50 0.6 0.001 21 1.7852539595176926E13 210383.2 2.6359972E7 0 26487 
50 0.6 0.001 22 1.785170251249718E13 212363.31 2.6488672E7 0 27790 
50 0.6 0.001 23 1.785245276874396E13 210589.45 2.6302012E7 0 19835 
50 0.6 0.001 24 1.7800580763498637E13 211541.08 2.6384868E7 0 38538 
50 0.6 0.001 25 1.7851914335320844E13 211864.0 2.6465504E7 0 30239 
50 0.6 0.001 26 1.7800546108387168E13 212359.3 2.6469936E7 0 26088 
50 0.6 0.001 27 1.780050494142871E13 212166.47 2.6277338E7 0 30960 
50 0.6 0.001 28 1.785172684389282E13 212306.02 2.6358196E7 0 37701 
50 0.6 0.001 29 1.7851461385156137E13 212930.28 2.631798E7 0 68804 
50 0.6 0.001 30 1.7851508412247547E13 212819.81 2.6317506E7 0 27338 
50 0.6 0.001 31 1.7830091640622543E13 234162.48 2.857574E7 0 5060 
50 0.6 0.001 32 1.7801783645909445E13 210486.0 2.6292702E7 0 41595 
50 0.6 0.001 33 1.7830404031079625E13 233557.02 2.8550132E7 0 10570 
50 0.6 0.001 34 1.7800320102325164E13 211159.39 2.6248064E7 0 38174 
50 0.6 0.001 35 1.7830803876130082E13 232779.98 2.8472232E7 0 45866 
50 0.6 0.001 36 1.7851524969113613E13 212780.92 2.6378492E7 0 27248 
50 0.6 0.001 37 1.785255028709309E13 210357.8 2.625344E7 0 30756 
50 0.6 0.001 38 1.7851641382594902E13 212507.19 2.6279914E7 0 7339 
50 0.6 0.001 39 1.7852244101999562E13 211084.31 2.6331056E7 0 41565 
50 0.6 0.001 40 1.785182077266209E13 212084.69 2.6563188E7 0 26083 
50 0.6 0.001 41 1.780070384301128E13 212107.28 2.6411668E7 0 58897 
50 0.6 0.001 42 1.785221187860852E13 211160.62 2.6278304E7 0 37832 
50 0.6 0.001 43 1.7798511106685656E13 213262.73 2.6474724E7 0 36784 
50 0.6 0.001 44 1.780171985790252E13 210589.45 2.6302012E7 0 5735 
50 0.6 0.001 45 1.7800625985830566E13 211496.2 2.635232E7 0 16543 
50 0.6 0.001 46 1.785207452766581E13 211485.6 2.6385232E7 0 31019 
50 0.6 0.001 47 1.78008222778335E13 211916.19 2.6317948E7 0 30900 
50 0.6 0.001 48 1.7851508412247547E13 212819.81 2.6317506E7 0 42628 
50 0.6 0.001 49 1.7851524969113613E13 212780.92 2.6378492E7 0 26609 
50 0.6 0.001 0 1.783059974919599E13 233176.97 2.8540716E7 0 25884 
50 0.6 0.001 1 1.78014214853426E13 210257.97 2.6317412E7 0 19665 
50 0.6 0.001 2 1.7852278711453715E13 211002.31 2.6311444E7 0 30472 
50 0.6 0.001 3 1.780059557102701E13 211517.2 2.6332622E7 0 39263 
50 0.6 0.001 4 1.7830304784931953E13 233749.53 2.8566292E7 0 43056 
50 0.6 0.001 5 1.785159371528609E13 212619.31 2.637944E7 0 34088 
50 0.6 0.001 6 1.7851806023282832E13 212119.45 2.6334454E7 0 59443 
50 0.6 0.001 7 1.7799411030044152E13 212619.31 2.637944E7 0 19109 
50 0.6 0.001 8 1.7852389182502125E13 210740.38 2.6300104E7 0 65031 
50 0.6 0.001 9 1.7851658101046383E13 212467.84 2.6350324E7 0 26059 
50 0.6 0.001 10 1.7852188903683535E13 211215.02 2.6253068E7 0 5538 
50 0.6 0.001 11 1.78308850822223E13 232621.88 2.8458002E7 0 39490 
50 0.6 0.001 12 1.7799806160454066E13 212266.06 2.6332162E7 0 52176 
50 0.6 0.001 13 1.7801131742249562E13 211416.34 2.6272964E7 0 54505 
50 0.6 0.001 14 1.7830953984948914E13 232487.66 2.826308E7 0 58214 
50 0.6 0.001 15 1.7851860667214703E13 211990.61 2.6351582E7 0 28497 
50 0.6 0.001 16 1.785142315445242E13 213020.03 2.6593694E7 0 5753 
50 0.6 0.001 17 1.7851675721708633E13 212426.38 2.6438816E7 0 66029 
50 0.6 0.001 18 1.7800498998066758E13 211687.56 2.6295592E7 0 23643 
50 0.6 0.001 19 1.782990233892887E13 234528.69 2.8619508E7 0 9006 
50 0.6 0.001 20 1.783055768074245E13 233258.7 2.8548072E7 0 21630 
50 0.6 0.001 21 1.7851767785601848E13 212209.56 2.6403592E7 0 15874 
50 0.6 0.001 22 1.7830019341726668E13 234302.4 2.8528092E7 0 53045 
50 0.6 0.001 23 1.7778376783046746E13 232535.3 2.8434952E7 0 3626 
50 0.6 0.001 24 1.785211558775034E13 211388.5 2.6346984E7 0 29272 
50 0.6 0.001 25 1.785240840471834E13 210694.77 2.6283772E7 0 23685 
50 0.6 0.001 26 1.785216381837481E13 211274.39 2.6271006E7 0 63696 
50 0.6 0.001 27 -1.0 0.0 0.0 1 4564 
50 0.6 0.001 28 1.78012150935885E13 211406.86 2.6378148E7 0 36545 
50 0.6 0.001 29 1.78517436327493E13 212266.47 2.6349476E7 0 16559 
50 0.6 0.001 30 1.7851892214326133E13 211916.19 2.6317948E7 0 73210 
50 0.6 0.001 31 1.7851743806873973E13 212266.06 2.6332162E7 0 57690 
50 0.6 0.001 32 1.780076265070203E13 211972.66 2.6408428E7 0 36202 
50 0.6 0.001 33 1.785211558775034E13 211388.5 2.6346984E7 0 29252 
50 0.6 0.001 34 1.780040329112045E13 211855.03 2.6360462E7 0 37480 
50 0.6 0.001 35 1.780116639927806E13 211485.6 2.6385232E7 0 54474 
50 0.6 0.001 36 1.7800524169123902E13 211223.1 2.6330312E7 0 14079 
50 0.6 0.001 37 1.7829349311334953E13 235595.56 2.862285E7 0 15173 
50 0.6 0.001 38 1.783013249017516E13 234083.39 2.8533524E7 0 7418 
50 0.6 0.001 39 1.779855660470204E13 214084.83 2.6450596E7 0 61959 
