población | p.cruzamiento | p.mutacion | ejecucion | fitness | distancia | tiempo | desborde | t.computo


50 0.6 0.0020833334 0 -1.0 0.0 0.0 1 703 
50 0.6 0.0020833334 1 1.4258551863538716E12 243112.64 2.6241928E7 0 65376 
50 0.6 0.0020833334 2 1.4258551863538716E12 243112.64 2.6241928E7 0 8120 
50 0.6 0.0020833334 3 1.4258551863538716E12 243112.64 2.6241928E7 0 5163 
50 0.6 0.0020833334 4 1.4258551863538716E12 243112.64 2.6241928E7 0 17405 
50 0.6 0.0020833334 5 1.4258551863538716E12 243112.64 2.6241928E7 0 7571 
50 0.6 0.0020833334 6 1.4258551863538716E12 243112.64 2.6241928E7 0 48581 
50 0.6 0.0020833334 7 1.4258551863538716E12 243112.64 2.6241928E7 0 21697 
50 0.6 0.0020833334 8 1.4005290927890105E12 271545.16 2.859452E7 0 3823 
50 0.6 0.0020833334 9 1.4258551863538716E12 243112.64 2.6241928E7 0 5145 
50 0.6 0.0020833334 10 1.4258551863538716E12 243112.64 2.6241928E7 0 8239 
50 0.6 0.0020833334 11 1.3768231294251445E12 271778.84 2.8592388E7 0 4235 
50 0.6 0.0020833334 12 1.4258551863538716E12 243112.64 2.6241928E7 0 60821 
50 0.6 0.0020833334 13 1.4258551863538716E12 243112.64 2.6241928E7 0 7422 
50 0.6 0.0020833334 14 1.4258551863538716E12 243112.64 2.6241928E7 0 13996 
50 0.6 0.0020833334 15 1.4258551863538716E12 243112.64 2.6241928E7 0 15106 
50 0.6 0.0020833334 16 1.4258551863538716E12 243112.64 2.6241928E7 0 7333 
50 0.6 0.0020833334 17 1.4055377233716826E12 260833.38 2.7924964E7 0 4404 
50 0.6 0.0020833334 18 1.4258551863538716E12 243112.64 2.6241928E7 0 11189 
50 0.6 0.0020833334 19 1.4258551863538716E12 243112.64 2.6241928E7 0 53229 
50 0.6 0.0020833334 20 1.4258551863538716E12 243112.64 2.6241928E7 0 8597 
50 0.6 0.0020833334 21 1.4258551863538716E12 243112.64 2.6241928E7 0 57937 
50 0.6 0.0020833334 22 1.4258551863538716E12 243112.64 2.6241928E7 0 19130 
50 0.6 0.0020833334 23 1.4258551863538716E12 243112.64 2.6241928E7 0 55487 
50 0.6 0.0020833334 24 1.4258551863538716E12 243112.64 2.6241928E7 0 47415 
50 0.6 0.0020833334 25 1.4258551863538716E12 243112.64 2.6241928E7 0 2960 
50 0.6 0.0020833334 26 1.4258551863538716E12 243112.64 2.6241928E7 0 4398 
50 0.6 0.0020833334 27 1.4258551863538716E12 243112.64 2.6241928E7 0 14550 
50 0.6 0.0020833334 28 1.4258551863538716E12 243112.64 2.6241928E7 0 62131 
50 0.6 0.0020833334 29 1.38607000221664E12 266061.56 2.8086612E7 0 4826 
50 0.6 0.0020833334 30 1.4258551863538716E12 243112.64 2.6241928E7 0 57583 
50 0.6 0.0020833334 31 1.4258551863538716E12 243112.64 2.6241928E7 0 15458 
50 0.6 0.0020833334 32 1.4258551863538716E12 243112.64 2.6241928E7 0 3624 
50 0.6 0.0020833334 33 1.4006533130615923E12 266042.78 2.8048796E7 0 3214 
50 0.6 0.0020833334 34 1.4258551863538716E12 243112.64 2.6241928E7 0 4542 
50 0.6 0.0020833334 35 1.4258551863538716E12 243112.64 2.6241928E7 0 11249 
50 0.6 0.0020833334 36 1.4258551863538716E12 243112.64 2.6241928E7 0 15360 
50 0.6 0.0020833334 37 1.4258551863538716E12 243112.64 2.6241928E7 0 48593 
50 0.6 0.0020833334 38 1.4258551863538716E12 243112.64 2.6241928E7 0 45389 
50 0.6 0.0020833334 39 1.4258551863538716E12 243112.64 2.6241928E7 0 4072 
50 0.6 0.0020833334 40 1.4258551863538716E12 243112.64 2.6241928E7 0 3165 
50 0.6 0.0020833334 41 1.4258551863538716E12 243112.64 2.6241928E7 0 7781 
50 0.6 0.0020833334 42 1.4258551863538716E12 243112.64 2.6241928E7 0 6566 
50 0.6 0.0020833334 43 1.4258551863538716E12 243112.64 2.6241928E7 0 56525 
50 0.6 0.0020833334 44 1.4258551863538716E12 243112.64 2.6241928E7 0 63601 
50 0.6 0.0020833334 45 1.4258551863538716E12 243112.64 2.6241928E7 0 15999 
50 0.6 0.0020833334 46 1.4258551863538716E12 243112.64 2.6241928E7 0 19441 
50 0.6 0.0020833334 47 1.4258551863538716E12 243112.64 2.6241928E7 0 12130 
50 0.6 0.0020833334 48 1.4258551863538716E12 243112.64 2.6241928E7 0 17350 
50 0.6 0.0020833334 49 1.39771624323921E12 272660.56 2.882494E7 0 4663 
50 0.6 0.001 0 1.4258551863538716E12 243112.64 2.6241928E7 0 3657 
50 0.6 0.001 1 1.4258551863538716E12 243112.64 2.6241928E7 0 18562 
50 0.6 0.001 2 1.4258551863538716E12 243112.64 2.6241928E7 0 56259 
50 0.6 0.001 3 1.4013597135021162E12 265831.22 2.8039524E7 0 4852 
50 0.6 0.001 4 1.4258551863538716E12 243112.64 2.6241928E7 0 8865 
50 0.6 0.001 5 1.4258551863538716E12 243112.64 2.6241928E7 0 52744 
50 0.6 0.001 6 1.4258551863538716E12 243112.64 2.6241928E7 0 5297 
50 0.6 0.001 7 1.4258551863538716E12 243112.64 2.6241928E7 0 57116 
50 0.6 0.001 8 1.4258551863538716E12 243112.64 2.6241928E7 0 6897 
50 0.6 0.001 9 1.4258551863538716E12 243112.64 2.6241928E7 0 15505 
50 0.6 0.001 10 -1.0 0.0 0.0 1 2535 
50 0.6 0.001 11 1.4258551863538716E12 243112.64 2.6241928E7 0 17696 
50 0.6 0.001 12 1.4258551863538716E12 243112.64 2.6241928E7 0 3867 
50 0.6 0.001 13 1.4258551863538716E12 243112.64 2.6241928E7 0 60741 
50 0.6 0.001 14 1.4258551863538716E12 243112.64 2.6241928E7 0 61915 
50 0.6 0.001 15 1.4258551863538716E12 243112.64 2.6241928E7 0 5534 
50 0.6 0.001 16 1.4258551863538716E12 243112.64 2.6241928E7 0 8451 
50 0.6 0.001 17 1.4058491838778594E12 264744.84 2.816583E7 0 4610 
50 0.6 0.001 18 -1.0 0.0 0.0 1 762 
50 0.6 0.001 19 1.4258551863538716E12 243112.64 2.6241928E7 0 5725 
50 0.6 0.001 20 -1.0 0.0 0.0 1 2118 
50 0.6 0.001 21 1.4258551863538716E12 243112.64 2.6241928E7 0 3541 
50 0.6 0.001 22 1.3995722216988403E12 271535.4 2.8799534E7 0 1655 
50 0.6 0.001 23 1.4258551863538716E12 243112.64 2.6241928E7 0 8832 
50 0.6 0.001 24 1.4258551863538716E12 243112.64 2.6241928E7 0 9136 
50 0.6 0.001 25 1.4258551863538716E12 243112.64 2.6241928E7 0 44809 
50 0.6 0.001 26 1.4258551863538716E12 243112.64 2.6241928E7 0 18360 
50 0.6 0.001 27 -1.0 0.0 0.0 1 2570 
50 0.6 0.001 28 1.3966721678004487E12 265288.53 2.829979E7 0 4550 
50 0.6 0.001 29 1.4258551863538716E12 243112.64 2.6241928E7 0 16635 
50 0.6 0.001 30 1.39643345889607E12 266872.9 2.8157832E7 0 4661 
50 0.6 0.001 31 1.4258551863538716E12 243112.64 2.6241928E7 0 3900 
50 0.6 0.001 32 1.4258551863538716E12 243112.64 2.6241928E7 0 54723 
50 0.6 0.001 33 1.3995617683531047E12 271152.6 2.8712526E7 0 5075 
50 0.6 0.001 34 1.4258551863538716E12 243112.64 2.6241928E7 0 62960 
50 0.6 0.001 35 1.3952100361403564E12 271914.28 2.9061412E7 0 4700 
50 0.6 0.001 36 1.4258551863538716E12 243112.64 2.6241928E7 0 7822 
50 0.6 0.001 37 1.3993600641706301E12 267129.5 2.833931E7 0 4288 
50 0.6 0.001 38 1.4258551863538716E12 243112.64 2.6241928E7 0 24834 
50 0.6 0.001 39 1.4258551863538716E12 243112.64 2.6241928E7 0 6054 
50 0.6 0.001 40 1.4258551863538716E12 243112.64 2.6241928E7 0 4071 
50 0.6 0.001 41 1.4258551863538716E12 243112.64 2.6241928E7 0 46079 
50 0.6 0.001 42 1.4258551863538716E12 243112.64 2.6241928E7 0 42512 
50 0.6 0.001 43 1.4258551863538716E12 243112.64 2.6241928E7 0 49541 
50 0.6 0.001 44 1.3977266687315178E12 271263.3 2.8819124E7 0 9285 
50 0.6 0.001 45 1.3824077931133945E12 265072.53 2.7809614E7 0 25061 
