población | p.cruzamiento | p.mutacion | ejecucion | fitness | distancia | tiempo | desborde | t.computo

150 0.6 0.004166667 0 9.478823816282324E11 124113.92 1.5001118E7 0 17141 
150 0.6 0.004166667 1 9.482712221981829E11 123810.91 1.4902184E7 0 15206 
150 0.6 0.004166667 2 9.47906034550314E11 123923.63 1.4857007E7 0 14947 
150 0.6 0.004166667 3 9.479393643864834E11 124879.47 1.5025007E7 0 14596 
150 0.6 0.004166667 4 9.481666384155682E11 124148.45 1.4932563E7 0 16157 
150 0.6 0.004166667 5 9.478180739247258E11 124636.37 1.5024459E7 0 14832 
150 0.6 0.004166667 6 9.481459351046241E11 124636.37 1.5024459E7 0 17458 
150 0.6 0.004166667 7 9.482712221981829E11 123810.91 1.4902184E7 0 16559 
150 0.6 0.004166667 8 9.482712221981829E11 123810.91 1.4902184E7 0 14304 
150 0.6 0.004166667 9 9.485971658434906E11 123520.25 1.4848534E7 0 16546 
150 0.6 0.004166667 10 9.482712221981829E11 123810.91 1.4902184E7 0 15044 
150 0.6 0.004166667 11 9.4777439270005E11 123520.25 1.4848534E7 0 13883 
150 0.6 0.004166667 12 9.478568540158042E11 124081.266 1.4926514E7 0 16442 
150 0.6 0.004166667 13 9.476746357172252E11 124958.375 1.4950115E7 0 15482 
150 0.6 0.004166667 14 9.480155767024323E11 125055.9 1.5062215E7 0 15379 
150 0.6 0.004166667 15 9.474675530750472E11 125655.64 1.5115171E7 0 15687 
150 0.6 0.004166667 16 9.47733246101437E11 124476.734 1.4988762E7 0 12911 
150 0.6 0.004166667 17 9.481059915184949E11 124765.04 1.5036041E7 0 13668 
150 0.6 0.004166667 18 9.476296028306859E11 124857.16 1.5054661E7 0 15525 
150 0.6 0.004166667 19 9.478820550022407E11 124431.44 1.5051204E7 0 14530 
150 0.6 0.004166667 20 9.48179322914584E11 124107.555 1.4928881E7 0 15851 
150 0.6 0.004166667 21 9.480647074746082E11 124476.734 1.4988762E7 0 14969 
150 0.6 0.004166667 22 9.480647074746082E11 124476.734 1.4988762E7 0 17055 
150 0.6 0.004166667 23 9.482363203198181E11 123923.63 1.4857007E7 0 13654 
150 0.6 0.004166667 24 9.482712221981829E11 123810.91 1.4902184E7 0 14167 
150 0.6 0.004166667 25 9.479260748909841E11 123810.91 1.4902184E7 0 15648 
150 0.6 0.004166667 26 9.484822624243403E11 123893.61 1.4904893E7 0 16388 
150 0.6 0.004166667 27 9.478610756612708E11 124305.53 1.5017501E7 0 14315 
150 0.6 0.004166667 28 9.47621217479437E11 125132.16 1.5134629E7 0 16775 
150 0.6 0.004166667 29 9.479260748909841E11 123810.91 1.4902184E7 0 13342 
150 0.6 0.004166667 30 9.476094124081588E11 123923.63 1.4857007E7 0 14147 
150 0.6 0.004166667 31 9.479411760320377E11 123810.91 1.4902184E7 0 14722 
150 0.6 0.004166667 32 9.478477659792754E11 124442.586 1.5023514E7 0 14844 
150 0.6 0.004166667 33 9.479924021040079E11 123287.086 1.4920255E7 0 16170 
150 0.6 0.004166667 34 9.481459351046241E11 124636.37 1.5024459E7 0 14450 
150 0.6 0.004166667 35 9.477448616289282E11 124771.83 1.5053146E7 0 16660 
150 0.6 0.004166667 36 9.479594557785421E11 124264.445 1.5020267E7 0 14721 
150 0.6 0.004166667 37 9.481666384155682E11 124148.45 1.4932563E7 0 13953 
150 0.6 0.004166667 38 9.47807130960922E11 123502.65 1.492933E7 0 12620 
150 0.6 0.004166667 39 9.477592330636509E11 124905.88 1.5055055E7 0 15488 
150 0.6 0.004166667 40 9.478320236825582E11 124148.45 1.4932563E7 0 14700 
150 0.6 0.004166667 41 9.482712221981829E11 123810.91 1.4902184E7 0 14557 
150 0.6 0.004166667 42 9.480773760386826E11 124857.16 1.5054661E7 0 13873 
150 0.6 0.004166667 43 9.481666384155682E11 124148.45 1.4932563E7 0 13578 
150 0.6 0.004166667 44 9.481666384155682E11 124148.45 1.4932563E7 0 15912 
150 0.6 0.004166667 45 9.482363203198181E11 123923.63 1.4857007E7 0 15327 
150 0.6 0.004166667 46 9.481055745006825E11 123520.25 1.4848534E7 0 13835 
150 0.6 0.004166667 47 9.478477659792754E11 124442.586 1.5023514E7 0 12203 
150 0.6 0.004166667 48 9.485077377380947E11 123810.91 1.4902184E7 0 14384 
150 0.6 0.004166667 49 9.480155767024323E11 125055.9 1.5062215E7 0 12299 
150 0.6 0.001 0 9.47941713760956E11 123923.63 1.4857007E7 0 12141 
150 0.6 0.001 1 9.477845477020771E11 124644.94 1.5052053E7 0 12308 
150 0.6 0.001 2 9.484036711372863E11 124148.45 1.4932563E7 0 12432 
150 0.6 0.001 3 9.479260748909841E11 123810.91 1.4902184E7 0 16383 
150 0.6 0.001 4 9.47574873353785E11 124431.44 1.5051204E7 0 15558 
150 0.6 0.001 5 9.484162929696342E11 124107.555 1.4928881E7 0 13951 
150 0.6 0.001 6 9.474006643332369E11 125132.16 1.5134629E7 0 15376 
150 0.6 0.001 7 9.47678590109782E11 124602.83 1.5027955E7 0 13714 
150 0.6 0.001 8 9.479924021040079E11 123287.086 1.4920255E7 0 12485 
150 0.6 0.001 9 9.476296028306859E11 124857.16 1.5054661E7 0 13871 
150 0.6 0.001 10 9.481059915184949E11 124765.04 1.5036041E7 0 10826 
150 0.6 0.001 11 9.482363203198181E11 123923.63 1.4857007E7 0 14389 
150 0.6 0.001 12 9.477790544496047E11 124475.39 1.5037818E7 0 15906 
150 0.6 0.001 13 9.479924021040079E11 123287.086 1.4920255E7 0 11753 
150 0.6 0.001 14 9.47757791589216E11 123287.086 1.4920255E7 0 12421 
150 0.6 0.001 15 9.477790544496047E11 124475.39 1.5037818E7 0 11840 
150 0.6 0.001 16 9.481059915184949E11 124765.04 1.5036041E7 0 15346 
150 0.6 0.001 17 9.478610756612708E11 124305.53 1.5017501E7 0 15760 
150 0.6 0.001 18 9.478627509273021E11 123520.25 1.4848534E7 0 14410 
150 0.6 0.001 19 9.478429799708212E11 124637.91 1.5058785E7 0 12850 
150 0.6 0.001 20 9.480950957067286E11 124800.12 1.5066871E7 0 14160 
150 0.6 0.001 21 9.481059915184949E11 124765.04 1.5036041E7 0 12246 
150 0.6 0.001 22 9.478627509273021E11 123520.25 1.4848534E7 0 13909 
150 0.6 0.001 23 9.481666384155682E11 124148.45 1.4932563E7 0 13711 
150 0.6 0.001 24 9.479924021040079E11 123287.086 1.4920255E7 0 14435 
150 0.6 0.001 25 9.482363203198181E11 123923.63 1.4857007E7 0 16074 
150 0.6 0.001 26 9.472553582082212E11 125385.586 1.5146574E7 0 12465 
150 0.6 0.001 27 9.478820550022407E11 124431.44 1.5051204E7 0 12803 
150 0.6 0.001 28 9.480773760386826E11 124857.16 1.5054661E7 0 12900 
150 0.6 0.001 29 9.471953148150663E11 123810.91 1.4902184E7 0 13792 
150 0.6 0.001 30 9.478180739247258E11 124636.37 1.5024459E7 0 15563 
150 0.6 0.001 31 9.477845477020771E11 124644.94 1.5052053E7 0 13852 
150 0.6 0.001 32 9.480254973798248E11 124602.83 1.5027955E7 0 15501 
150 0.6 0.001 33 9.477437705081885E11 124019.35 1.4954618E7 0 15687 
150 0.6 0.001 34 9.477448616289282E11 124771.83 1.5053146E7 0 13457 
150 0.6 0.001 35 9.47427912792273E11 124396.36 1.5020374E7 0 12484 
150 0.6 0.001 36 9.478929988259585E11 124396.36 1.5020374E7 0 13104 
150 0.6 0.001 37 9.484036711372863E11 124148.45 1.4932563E7 0 14395 
150 0.6 0.001 38 9.484244045923994E11 124081.266 1.4926514E7 0 14657 
150 0.6 0.001 39 9.481874748198579E11 124081.266 1.4926514E7 0 15649 
150 0.6 0.001 40 9.481459351046241E11 124636.37 1.5024459E7 0 14938 
150 0.6 0.001 41 9.479393643864834E11 124879.47 1.5025007E7 0 11742 
150 0.6 0.001 42 9.483119862424902E11 124445.23 1.4926695E7 0 14234 
150 0.6 0.001 43 9.482712221981829E11 123810.91 1.4902184E7 0 13010 
150 0.6 0.001 44 9.481666384155682E11 124148.45 1.4932563E7 0 14520 
150 0.6 0.001 45 9.4785634461353E11 124081.266 1.4926514E7 0 14850 
150 0.6 0.001 46 9.477448616289282E11 124771.83 1.5053146E7 0 14379 
150 0.6 0.001 47 9.478627509273021E11 123520.25 1.4848534E7 0 14225 
150 0.6 0.001 48 9.481459351046241E11 124636.37 1.5024459E7 0 13272 
150 0.6 0.001 49 9.480647074746082E11 124476.734 1.4988762E7 0 16294 
150 0.6 0.004166667 0 9.475340094075769E11 124442.586 1.5023514E7 0 18434 
150 0.6 0.004166667 1 9.485971658434906E11 123520.25 1.4848534E7 0 16531 
150 0.6 0.004166667 2 9.478071132617484E11 124671.45 1.5055289E7 0 14865 
150 0.6 0.004166667 3 9.481958605556702E11 124475.39 1.5037818E7 0 16229 
150 0.6 0.004166667 4 9.481178924447915E11 124305.53 1.5017501E7 0 15218 
150 0.6 0.004166667 5 9.480923651501353E11 124414.39 1.5001835E7 0 14981 
150 0.6 0.004166667 6 9.482712221981829E11 123810.91 1.4902184E7 0 17315 
150 0.6 0.004166667 7 9.482094845957036E11 124431.44 1.5051204E7 0 18250 
150 0.6 0.004166667 8 9.477690519206697E11 124476.734 1.4988762E7 0 14662 
150 0.6 0.004166667 9 9.482363203198181E11 123923.63 1.4857007E7 0 17752 
150 0.6 0.004166667 10 9.48179322914584E11 124107.555 1.4928881E7 0 16032 
150 0.6 0.004166667 11 9.48463923312261E11 123953.11 1.4882408E7 0 13785 
150 0.6 0.004166667 12 9.476746357172252E11 124958.375 1.4950115E7 0 16250 
150 0.6 0.004166667 13 9.479924021040079E11 123287.086 1.4920255E7 0 17186 
150 0.6 0.004166667 14 9.478477659792754E11 124442.586 1.5023514E7 0 15749 
150 0.6 0.004166667 15 9.479420643314412E11 124870.805 1.5024225E7 0 15762 
150 0.6 0.004166667 16 9.484730085798517E11 123923.63 1.4857007E7 0 14842 
150 0.6 0.004166667 17 9.481958605556702E11 124475.39 1.5037818E7 0 14977 
150 0.6 0.004166667 18 9.479433101751655E11 124316.266 1.5029657E7 0 15719 
150 0.6 0.004166667 19 9.485077377380947E11 123810.91 1.4902184E7 0 15681 
150 0.6 0.004166667 20 9.481055745006825E11 123520.25 1.4848534E7 0 13640 
150 0.6 0.004166667 21 9.479924021040079E11 123287.086 1.4920255E7 0 14424 
150 0.6 0.004166667 22 9.480254973798248E11 124602.83 1.5027955E7 0 15717 
150 0.6 0.004166667 23 9.481055745006825E11 123520.25 1.4848534E7 0 13771 
150 0.6 0.004166667 24 9.478071132617484E11 124671.45 1.5055289E7 0 16218 
150 0.6 0.004166667 25 9.479924021040079E11 123287.086 1.4920255E7 0 15888 
150 0.6 0.004166667 26 9.484730085798517E11 123923.63 1.4857007E7 0 14715 
150 0.6 0.004166667 27 9.479924021040079E11 123287.086 1.4920255E7 0 16701 
150 0.6 0.004166667 28 9.48192125467688E11 124832.35 1.499429E7 0 16546 
150 0.6 0.004166667 29 9.472553582082212E11 125385.586 1.5146574E7 0 16679 
150 0.6 0.004166667 30 9.480664737642341E11 124892.234 1.5085491E7 0 13783 
150 0.6 0.004166667 31 9.482712221981829E11 123810.91 1.4902184E7 0 14316 
150 0.6 0.004166667 32 9.478320236825582E11 124148.45 1.4932563E7 0 17503 
150 0.6 0.004166667 33 9.485077377380947E11 123810.91 1.4902184E7 0 16623 
150 0.6 0.004166667 34 9.479260748909841E11 123810.91 1.4902184E7 0 13188 
150 0.6 0.004166667 35 9.471640310265026E11 124802.26 1.5077097E7 0 12766 
150 0.6 0.004166667 36 9.479924021040079E11 123287.086 1.4920255E7 0 13218 
150 0.6 0.004166667 37 9.483610956436058E11 123520.25 1.4848534E7 0 13548 
150 0.6 0.004166667 38 9.479275725835946E11 124943.96 1.5077339E7 0 15249 
150 0.6 0.004166667 39 9.484244045923994E11 124081.266 1.4926514E7 0 14104 
150 0.6 0.004166667 40 9.479924021040079E11 123287.086 1.4920255E7 0 15690 
150 0.6 0.004166667 41 9.479260748909841E11 123810.91 1.4902184E7 0 15883 
150 0.6 0.004166667 42 9.472686800094023E11 125237.45 1.5057239E7 0 14630 
150 0.6 0.004166667 43 9.483610956436058E11 123520.25 1.4848534E7 0 11777 
150 0.6 0.004166667 44 9.482363203198181E11 123923.63 1.4857007E7 0 15525 
150 0.6 0.004166667 45 9.481666384155682E11 124148.45 1.4932563E7 0 16899 
150 0.6 0.004166667 46 9.473938778064333E11 124771.83 1.5053146E7 0 13779 
150 0.6 0.004166667 47 9.478929988259585E11 124396.36 1.5020374E7 0 14859 
150 0.6 0.004166667 48 9.483119862424902E11 124445.23 1.4926695E7 0 17114 
150 0.6 0.004166667 49 9.478929988259585E11 124396.36 1.5020374E7 0 17055 
150 0.6 0.001 0 9.481178924447915E11 124305.53 1.5017501E7 0 16698 
150 0.6 0.001 1 9.482712221981829E11 123810.91 1.4902184E7 0 12923 
150 0.6 0.001 2 9.477432409804523E11 124443.16 1.503075E7 0 14252 
150 0.6 0.001 3 9.476760291537391E11 124765.04 1.5036041E7 0 15840 
150 0.6 0.001 4 9.485875711327732E11 123551.46 1.4874103E7 0 16169 
150 0.6 0.001 5 9.48463923312261E11 123953.11 1.4882408E7 0 16725 
150 0.6 0.001 6 9.480254973798248E11 124602.83 1.5027955E7 0 14183 
150 0.6 0.001 7 9.483610956436058E11 123520.25 1.4848534E7 0 16991 
150 0.6 0.001 8 9.482712221981829E11 123810.91 1.4902184E7 0 15807 
150 0.6 0.001 9 9.478481361313505E11 124107.555 1.4928881E7 0 16191 
150 0.6 0.001 10 9.476743211635015E11 124964.95 1.4950706E7 0 15685 
150 0.6 0.001 11 9.484772375848499E11 123909.914 1.4906361E7 0 12859 
150 0.6 0.001 12 9.477432409804523E11 124443.16 1.503075E7 0 14845 
150 0.6 0.001 13 9.484913441838745E11 123864.13 1.4879492E7 0 13921 
150 0.6 0.001 14 9.478929988259585E11 124396.36 1.5020374E7 0 14157 
150 0.6 0.001 15 9.47941713760956E11 123923.63 1.4857007E7 0 16977 
150 0.6 0.001 16 9.480773760386826E11 124857.16 1.5054661E7 0 14862 
150 0.6 0.001 17 9.478929988259585E11 124396.36 1.5020374E7 0 16030 
150 0.6 0.001 18 9.47427912792273E11 124396.36 1.5020374E7 0 17995 
150 0.6 0.001 19 9.47645226637331E11 124756.1 1.5041396E7 0 15314 
150 0.6 0.001 20 9.478180739247258E11 124636.37 1.5024459E7 0 16557 
150 0.6 0.001 21 9.47941713760956E11 123923.63 1.4857007E7 0 15859 
150 0.6 0.001 22 9.479420643314412E11 124870.805 1.5024225E7 0 14969 
150 0.6 0.001 23 9.478627509273021E11 123520.25 1.4848534E7 0 18227 
150 0.6 0.001 24 9.484505649586636E11 123996.445 1.4978451E7 0 15347 
150 0.6 0.001 25 9.480063225991924E11 124113.92 1.5001118E7 0 12840 
150 0.6 0.001 26 9.48463923312261E11 123953.11 1.4882408E7 0 16533 
150 0.6 0.001 27 9.478929988259585E11 124396.36 1.5020374E7 0 15587 
150 0.6 0.001 28 9.459175119322891E11 126837.03 1.5143043E7 0 15419 
150 0.6 0.001 29 9.478481361313505E11 124107.555 1.4928881E7 0 15787 
150 0.6 0.001 30 9.478477659792754E11 124442.586 1.5023514E7 0 15316 
150 0.6 0.001 31 9.48154770131842E11 124607.89 1.504957E7 0 15607 
150 0.6 0.001 32 9.483610956436058E11 123520.25 1.4848534E7 0 14112 
150 0.6 0.001 33 9.483610956436058E11 123520.25 1.4848534E7 0 14977 
150 0.6 0.001 34 9.483610956436058E11 123520.25 1.4848534E7 0 15867 
150 0.6 0.001 35 9.483610956436058E11 123520.25 1.4848534E7 0 14711 
150 0.6 0.001 36 9.479260748909841E11 123810.91 1.4902184E7 0 15580 
150 0.6 0.001 37 9.481958605556702E11 124475.39 1.5037818E7 0 16141 
150 0.6 0.001 38 9.478429799708212E11 124637.91 1.5058785E7 0 14741 
150 0.6 0.001 39 9.478929988259585E11 124396.36 1.5020374E7 0 14083 
150 0.6 0.001 40 9.474675530750472E11 125655.64 1.5115171E7 0 13805 
150 0.6 0.001 41 9.478071132617484E11 124671.45 1.5055289E7 0 14565 
150 0.6 0.001 42 9.478627509273021E11 123520.25 1.4848534E7 0 15735 
150 0.6 0.001 43 9.47941713760956E11 123923.63 1.4857007E7 0 16382 
150 0.6 0.001 44 9.478929988259585E11 124396.36 1.5020374E7 0 15315 
150 0.6 0.001 45 9.481459351046241E11 124636.37 1.5024459E7 0 14103 
150 0.6 0.001 46 9.484822624243403E11 123893.61 1.4904893E7 0 16614 
150 0.6 0.001 47 9.478820550022407E11 124431.44 1.5051204E7 0 15933 
150 0.6 0.001 48 9.472618905806844E11 125571.99 1.5146368E7 0 14875 
150 0.6 0.001 49 9.472629658562308E11 124414.39 1.5001835E7 0 15359 
