población | p.cruzamiento | p.mutacion | ejecucion | fitness | distancia | tiempo | desborde | t.computo

150 0.6 0.0020833334 0 1.4258553863538716E12 243112.64 2.6241928E7 0 28044 
150 0.6 0.0020833334 1 1.4258553863538716E12 243112.64 2.6241928E7 0 24676 
150 0.6 0.0020833334 2 1.4258553863538716E12 243112.64 2.6241928E7 0 24174 
150 0.6 0.0020833334 3 1.4258553863538716E12 243112.64 2.6241928E7 0 26478 
150 0.6 0.0020833334 4 1.4258553863538716E12 243112.64 2.6241928E7 0 23081 
150 0.6 0.0020833334 5 1.4258553863538716E12 243112.64 2.6241928E7 0 22614 
150 0.6 0.0020833334 6 1.4258553863538716E12 243112.64 2.6241928E7 0 24304 
150 0.6 0.0020833334 7 1.4258553863538716E12 243112.64 2.6241928E7 0 25861 
150 0.6 0.0020833334 8 1.4258553863538716E12 243112.64 2.6241928E7 0 25224 
150 0.6 0.0020833334 9 1.4258553863538716E12 243112.64 2.6241928E7 0 23981 
150 0.6 0.0020833334 10 1.4258553863538716E12 243112.64 2.6241928E7 0 25009 
150 0.6 0.0020833334 11 1.4258553863538716E12 243112.64 2.6241928E7 0 23865 
150 0.6 0.0020833334 12 1.4258553863538716E12 243112.64 2.6241928E7 0 21102 
150 0.6 0.0020833334 13 1.4258553863538716E12 243112.64 2.6241928E7 0 23736 
150 0.6 0.0020833334 14 1.4258553863538716E12 243112.64 2.6241928E7 0 23212 
150 0.6 0.0020833334 15 1.4258553863538716E12 243112.64 2.6241928E7 0 24414 
150 0.6 0.0020833334 16 1.4258553863538716E12 243112.64 2.6241928E7 0 25033 
150 0.6 0.0020833334 17 1.4258553863538716E12 243112.64 2.6241928E7 0 25769 
150 0.6 0.0020833334 18 1.4258553863538716E12 243112.64 2.6241928E7 0 24657 
150 0.6 0.0020833334 19 1.4258553863538716E12 243112.64 2.6241928E7 0 20727 
150 0.6 0.0020833334 20 1.4258553863538716E12 243112.64 2.6241928E7 0 24232 
150 0.6 0.0020833334 21 1.4258553863538716E12 243112.64 2.6241928E7 0 22225 
150 0.6 0.0020833334 22 1.4258553863538716E12 243112.64 2.6241928E7 0 24976 
150 0.6 0.0020833334 23 1.4258553863538716E12 243112.64 2.6241928E7 0 24149 
150 0.6 0.0020833334 24 1.4258553863538716E12 243112.64 2.6241928E7 0 21666 
150 0.6 0.0020833334 25 1.4258553863538716E12 243112.64 2.6241928E7 0 23910 
150 0.6 0.0020833334 26 1.4258553863538716E12 243112.64 2.6241928E7 0 23536 
150 0.6 0.0020833334 27 1.4258553863538716E12 243112.64 2.6241928E7 0 23718 
150 0.6 0.0020833334 28 1.4258553863538716E12 243112.64 2.6241928E7 0 23696 
150 0.6 0.0020833334 0 1.4258553863538716E12 243112.64 2.6241928E7 0 24706 
150 0.6 0.0020833334 1 1.4258553863538716E12 243112.64 2.6241928E7 0 26752 
150 0.6 0.0020833334 2 1.4258553863538716E12 243112.64 2.6241928E7 0 23484 
150 0.6 0.0020833334 3 1.4258553863538716E12 243112.64 2.6241928E7 0 26311 
150 0.6 0.0020833334 4 1.4258553863538716E12 243112.64 2.6241928E7 0 24971 
150 0.6 0.0020833334 5 1.4258553863538716E12 243112.64 2.6241928E7 0 18643 
150 0.6 0.0020833334 6 1.4258553863538716E12 243112.64 2.6241928E7 0 22995 
150 0.6 0.0020833334 7 1.4258553863538716E12 243112.64 2.6241928E7 0 23308 
150 0.6 0.0020833334 8 1.4265023519166572E12 262214.25 2.791046E7 0 22665 
150 0.6 0.0020833334 9 1.4258553863538716E12 243112.64 2.6241928E7 0 23548 
150 0.6 0.0020833334 10 1.4258553863538716E12 243112.64 2.6241928E7 0 23555 
150 0.6 0.0020833334 11 1.4258553863538716E12 243112.64 2.6241928E7 0 24901 
150 0.6 0.0020833334 12 1.4258553863538716E12 243112.64 2.6241928E7 0 21019 
150 0.6 0.0020833334 13 1.4258553863538716E12 243112.64 2.6241928E7 0 21410 
150 0.6 0.0020833334 14 1.4258553863538716E12 243112.64 2.6241928E7 0 25198 
150 0.6 0.0020833334 15 1.4258553863538716E12 243112.64 2.6241928E7 0 22393 
150 0.6 0.0020833334 16 1.4258553863538716E12 243112.64 2.6241928E7 0 20763 
150 0.6 0.0020833334 17 1.4258553863538716E12 243112.64 2.6241928E7 0 20191 
150 0.6 0.0020833334 18 1.4258553863538716E12 243112.64 2.6241928E7 0 24210 
150 0.6 0.0020833334 19 1.4258553863538716E12 243112.64 2.6241928E7 0 20124 
150 0.6 0.0020833334 20 1.4258553863538716E12 243112.64 2.6241928E7 0 28336 
150 0.6 0.0020833334 21 1.4258553863538716E12 243112.64 2.6241928E7 0 22408 
150 0.6 0.0020833334 22 1.4258553863538716E12 243112.64 2.6241928E7 0 22101 
150 0.6 0.0020833334 23 1.4258553863538716E12 243112.64 2.6241928E7 0 24209 
150 0.6 0.0020833334 24 1.4258553863538716E12 243112.64 2.6241928E7 0 22951 
150 0.6 0.0020833334 25 1.4258553863538716E12 243112.64 2.6241928E7 0 22113 
150 0.6 0.0020833334 26 1.4258553863538716E12 243112.64 2.6241928E7 0 23100 
150 0.6 0.0020833334 27 1.4258553863538716E12 243112.64 2.6241928E7 0 21413 
150 0.6 0.0020833334 28 1.4258553863538716E12 243112.64 2.6241928E7 0 24646 
150 0.6 0.0020833334 29 1.4258553863538716E12 243112.64 2.6241928E7 0 23885 
150 0.6 0.0020833334 30 1.4258553863538716E12 243112.64 2.6241928E7 0 21482 
150 0.6 0.0020833334 31 1.4258553863538716E12 243112.64 2.6241928E7 0 23208 
150 0.6 0.0020833334 32 1.4258553863538716E12 243112.64 2.6241928E7 0 24022 
150 0.6 0.0020833334 33 1.4258553863538716E12 243112.64 2.6241928E7 0 23711 
150 0.6 0.0020833334 34 1.4258553863538716E12 243112.64 2.6241928E7 0 21907 
150 0.6 0.0020833334 35 1.4258553863538716E12 243112.64 2.6241928E7 0 18724 
150 0.6 0.0020833334 36 1.4258553863538716E12 243112.64 2.6241928E7 0 26106 
150 0.6 0.0020833334 37 1.4258553863538716E12 243112.64 2.6241928E7 0 24415 
150 0.6 0.0020833334 38 1.4258553863538716E12 243112.64 2.6241928E7 0 22397 
150 0.6 0.0020833334 39 1.4258553863538716E12 243112.64 2.6241928E7 0 25762 
150 0.6 0.0020833334 40 1.4258553863538716E12 243112.64 2.6241928E7 0 24983 
150 0.6 0.0020833334 41 1.4258553863538716E12 243112.64 2.6241928E7 0 21142 
150 0.6 0.0020833334 42 1.4264342249357915E12 237435.0 2.5647972E7 0 26018 
150 0.6 0.0020833334 43 1.4258553863538716E12 243112.64 2.6241928E7 0 21876 
150 0.6 0.0020833334 44 1.4268258711612727E12 261980.45 2.78852E7 0 23331 
150 0.6 0.0020833334 45 1.4258553863538716E12 243112.64 2.6241928E7 0 23394 
150 0.6 0.0020833334 46 1.4258553863538716E12 243112.64 2.6241928E7 0 23638 
150 0.6 0.0020833334 47 1.4258553863538716E12 243112.64 2.6241928E7 0 24672 
150 0.6 0.0020833334 48 1.4258553863538716E12 243112.64 2.6241928E7 0 24315 
150 0.6 0.0020833334 49 1.4258553863538716E12 243112.64 2.6241928E7 0 24307 
150 0.6 0.001 0 1.4258553863538716E12 243112.64 2.6241928E7 0 22879 
150 0.6 0.001 1 1.4258553863538716E12 243112.64 2.6241928E7 0 24291 
150 0.6 0.001 2 1.4258553863538716E12 243112.64 2.6241928E7 0 22343 
150 0.6 0.001 3 1.4258553863538716E12 243112.64 2.6241928E7 0 19420 
150 0.6 0.001 4 1.4258553863538716E12 243112.64 2.6241928E7 0 30495 
150 0.6 0.001 5 1.4258553863538716E12 243112.64 2.6241928E7 0 20768 
150 0.6 0.001 6 1.4258553863538716E12 243112.64 2.6241928E7 0 24359 
150 0.6 0.001 7 1.4258553863538716E12 243112.64 2.6241928E7 0 22745 
150 0.6 0.001 8 1.4258553863538716E12 243112.64 2.6241928E7 0 21091 
150 0.6 0.001 9 1.4258553863538716E12 243112.64 2.6241928E7 0 22506 
150 0.6 0.001 10 1.4258553863538716E12 243112.64 2.6241928E7 0 22675 
150 0.6 0.001 11 1.4258553863538716E12 243112.64 2.6241928E7 0 21381 
150 0.6 0.001 12 1.4258553863538716E12 243112.64 2.6241928E7 0 24014 
150 0.6 0.001 13 1.4258553863538716E12 243112.64 2.6241928E7 0 22812 
150 0.6 0.001 14 1.4258553863538716E12 243112.64 2.6241928E7 0 22249 
150 0.6 0.001 15 1.4258553863538716E12 243112.64 2.6241928E7 0 21913 
150 0.6 0.001 16 1.4258553863538716E12 243112.64 2.6241928E7 0 20648 
150 0.6 0.001 17 1.4258553863538716E12 243112.64 2.6241928E7 0 21270 
150 0.6 0.001 18 1.4258553863538716E12 243112.64 2.6241928E7 0 21716 
150 0.6 0.001 19 1.4258553863538716E12 243112.64 2.6241928E7 0 25484 
150 0.6 0.001 20 1.4258553863538716E12 243112.64 2.6241928E7 0 22571 
150 0.6 0.001 21 1.4260511496338252E12 262539.78 2.7919396E7 0 20730 
150 0.6 0.001 22 1.4258553863538716E12 243112.64 2.6241928E7 0 24688 
150 0.6 0.001 23 1.4258553863538716E12 243112.64 2.6241928E7 0 23978 
150 0.6 0.001 24 1.4258553863538716E12 243112.64 2.6241928E7 0 25539 
150 0.6 0.001 25 1.4258553863538716E12 243112.64 2.6241928E7 0 22208 
150 0.6 0.001 26 1.4258553863538716E12 243112.64 2.6241928E7 0 22160 
150 0.6 0.001 27 1.4258553863538716E12 243112.64 2.6241928E7 0 24367 
150 0.6 0.001 28 1.4258553863538716E12 243112.64 2.6241928E7 0 24942 
150 0.6 0.001 29 1.4258553863538716E12 243112.64 2.6241928E7 0 23475 
150 0.6 0.001 30 1.4258553863538716E12 243112.64 2.6241928E7 0 24164 
150 0.6 0.001 31 1.4258553863538716E12 243112.64 2.6241928E7 0 21831 
150 0.6 0.001 32 1.4258553863538716E12 243112.64 2.6241928E7 0 22613 
150 0.6 0.001 33 1.4258553863538716E12 243112.64 2.6241928E7 0 19638 
150 0.6 0.001 34 1.4258553863538716E12 243112.64 2.6241928E7 0 20354 
150 0.6 0.001 35 1.4258553863538716E12 243112.64 2.6241928E7 0 20987 
150 0.6 0.001 36 1.4258553863538716E12 243112.64 2.6241928E7 0 22204 
150 0.6 0.001 37 1.4258553863538716E12 243112.64 2.6241928E7 0 23334 
150 0.6 0.001 38 1.4258553863538716E12 243112.64 2.6241928E7 0 22170 
150 0.6 0.001 39 1.4258553863538716E12 243112.64 2.6241928E7 0 23535 
150 0.6 0.001 40 1.4258553863538716E12 243112.64 2.6241928E7 0 20628 
150 0.6 0.001 41 1.4258553863538716E12 243112.64 2.6241928E7 0 22572 
150 0.6 0.001 42 1.4258553863538716E12 243112.64 2.6241928E7 0 23651 
150 0.6 0.001 43 1.4258553863538716E12 243112.64 2.6241928E7 0 24564 
150 0.6 0.001 44 1.4258553863538716E12 243112.64 2.6241928E7 0 22058 
150 0.6 0.001 45 1.4258553863538716E12 243112.64 2.6241928E7 0 20936 
150 0.6 0.001 46 1.4258553863538716E12 243112.64 2.6241928E7 0 22190 
150 0.6 0.001 47 1.4258553863538716E12 243112.64 2.6241928E7 0 18947 
150 0.6 0.001 48 1.4258553863538716E12 243112.64 2.6241928E7 0 20560 
150 0.6 0.001 49 1.4258553863538716E12 243112.64 2.6241928E7 0 20523 
