población | p.cruzamiento | p.mutacion | ejecucion | fitness | distancia | tiempo | desborde | t.computo

50 0.6 0.001 0 1.785218648870038E13 211223.1 2.6330312E7 0 28888 
50 0.6 0.001 1 1.7800723120943508E13 212077.8 2.6317004E7 0 20037 
50 0.6 0.001 2 1.78519231176749E13 211845.62 2.6338532E7 0 61113 
50 0.6 0.001 3 1.785167553261096E13 212429.17 2.6393076E7 0 20848 
50 0.6 0.001 4 1.7851369538332137E13 213148.19 2.6504554E7 0 53564 
50 0.6 0.001 5 1.7851810212475496E13 212111.94 2.638358E7 0 6951 
50 0.6 0.001 6 1.7851893214326133E13 211916.19 2.6317948E7 0 37864 
50 0.6 0.001 7 1.785249732867143E13 210486.0 2.6292702E7 0 16942 
50 0.6 0.001 8 1.785245376874396E13 210589.45 2.6302012E7 0 54807 
50 0.6 0.001 9 -1.0 0.0 0.0 1 683 
50 0.6 0.001 0 1.7852271946889496E13 211020.72 2.6316728E7 0 14212 
50 0.6 0.001 1 1.785170120550533E13 212368.73 2.6446016E7 0 35895 
50 0.6 0.001 2 1.7799807782115395E13 212581.06 2.6376E7 0 22349 
50 0.6 0.001 3 1.7852117152552215E13 211387.17 2.6346078E7 0 51789 
50 0.6 0.001 4 1.7851573441716703E13 212669.33 2.6295916E7 0 35582 
50 0.6 0.001 5 1.780172085790252E13 210589.45 2.6302012E7 0 2830 
50 0.6 0.001 6 1.7851538579660547E13 212751.28 2.6301868E7 0 21804 
50 0.6 0.001 7 1.7852176124139992E13 211247.64 2.6256008E7 0 42111 
50 0.6 0.001 8 1.7851468316234785E13 212916.34 2.6483696E7 0 13279 
50 0.6 0.001 9 1.7800808985179707E13 211677.8 2.630731E7 0 40349 
50 0.6 0.01 0 1.7851915335320844E13 211864.0 2.6465504E7 0 22619 
50 0.6 0.01 1 1.783006558184357E13 234214.66 2.8594148E7 0 27378 
50 0.6 0.01 2 1.7852344136149523E13 210849.6 2.625068E7 0 18075 
50 0.6 0.01 3 1.785207552766581E13 211485.6 2.6385232E7 0 17129 
50 0.6 0.01 4 1.7851627454391703E13 212542.31 2.6397668E7 0 18176 
50 0.6 0.01 5 1.7851659101046383E13 212467.84 2.6350324E7 0 23790 
50 0.6 0.01 6 1.785168122735876E13 212415.77 2.6361132E7 0 25429 
50 0.6 0.01 7 1.7851982657980797E13 211705.05 2.6281672E7 0 24433 
50 0.6 0.01 8 1.7852275230014492E13 211012.94 2.623666E7 0 19159 
50 0.6 0.01 9 1.7852260591437945E13 211047.61 2.6287792E7 0 19051 
50 0.6 0.1 0 1.783041383668998E13 233539.73 2.8573362E7 0 9886 
50 0.6 0.1 1 1.7852189903683535E13 211215.02 2.6253068E7 0 11640 
50 0.6 0.1 2 1.785214448254946E13 211322.52 2.6262742E7 0 9289 
50 0.6 0.1 3 1.7801568173356977E13 210751.95 2.6351004E7 0 8830 
50 0.6 0.1 4 1.7830095533015875E13 234156.69 2.8425534E7 0 7792 
50 0.6 0.1 5 1.7830601498469195E13 233175.31 2.8540564E7 0 9212 
50 0.6 0.1 6 1.785181218940334E13 212107.28 2.6411668E7 0 10503 
50 0.6 0.1 7 1.785154369053337E13 212739.27 2.6451482E7 0 11725 
50 0.6 0.1 8 1.779918490844251E13 213579.45 2.6494566E7 0 8443 
50 0.6 0.1 9 1.780086901806371E13 211523.7 2.6357368E7 0 9951 
50 0.75 0.001 0 1.7790540603857492E13 212315.22 2.6361608E7 0 2730 
50 0.75 0.001 1 1.7799989759215742E13 211865.48 2.629612E7 0 25210 
50 0.75 0.001 2 1.78521108404406E13 211402.1 2.6346424E7 0 2575 
50 0.75 0.001 3 1.7852059407871555E13 211523.7 2.6357368E7 0 33105 
50 0.75 0.001 4 1.7851513421650934E13 212810.4 2.647316E7 0 16741 
50 0.75 0.001 5 1.78008232778335E13 211916.19 2.6317948E7 0 11846 
50 0.75 0.001 6 -1.0 0.0 0.0 1 2047 
50 0.75 0.001 7 1.7851659101046383E13 212467.84 2.6350324E7 0 10691 
50 0.75 0.001 8 1.7800395665424426E13 212255.28 2.6274518E7 0 24816 
50 0.75 0.001 9 1.7852457898998E13 210579.66 2.6325276E7 0 12220 
50 0.75 0.001 0 1.785210458569252E13 211416.89 2.6271236E7 0 4022 
50 0.75 0.001 1 1.7852181593305703E13 211234.69 2.6394446E7 0 11004 
50 0.75 0.001 2 1.7801321270329266E13 211236.72 2.6460926E7 0 25858 
50 0.75 0.001 3 -1.0 0.0 0.0 1 3327 
50 0.75 0.001 4 1.7851043826561977E13 213910.88 2.6551418E7 0 37383 
50 0.75 0.001 5 1.7798729182943953E13 212916.34 2.6483696E7 0 7179 
50 0.75 0.001 6 1.7852108826317453E13 211406.86 2.6378148E7 0 6953 
50 0.75 0.001 7 1.785161619558987E13 212568.8 2.6460884E7 0 3133 
50 0.75 0.001 8 1.778805670892246E13 215798.78 2.666914E7 0 1542 
50 0.75 0.001 9 1.785207552766581E13 211485.6 2.6385232E7 0 30775 
50 0.75 0.01 0 1.785224440525371E13 211085.95 2.624146E7 0 10814 
50 0.75 0.01 1 1.785187054471126E13 211969.67 2.6369986E7 0 17395 
50 0.75 0.01 2 1.7851562401344684E13 212695.28 2.6312328E7 0 16933 
50 0.75 0.01 3 1.785167079846943E13 212440.31 2.6363328E7 0 19827 
50 0.75 0.01 4 1.7829957411504523E13 234423.94 2.8610084E7 0 14441 
50 0.75 0.01 5 1.785132069096179E13 213262.73 2.6474724E7 0 19092 
50 0.75 0.01 6 1.7851982657980797E13 211705.05 2.6281672E7 0 13867 
50 0.75 0.01 7 1.7852020755963668E13 211615.06 2.628907E7 0 10383 
50 0.75 0.01 8 1.7801132742249562E13 211416.34 2.6272964E7 0 13947 
50 0.75 0.01 9 1.780018007488278E13 212215.9 2.6343136E7 0 8972 
50 0.75 0.1 0 1.7798619335162723E13 213091.69 2.64471E7 0 9355 
50 0.75 0.1 1 1.7801382129821246E13 211012.94 2.623666E7 0 7598 
50 0.75 0.1 2 1.78521108404406E13 211402.1 2.6346424E7 0 7987 
50 0.75 0.1 3 1.785131584077126E13 213274.11 2.643858E7 0 8548 
50 0.75 0.1 4 1.7851692197634566E13 212389.95 2.6371404E7 0 8821 
50 0.75 0.1 5 1.780105274750233E13 210795.69 2.6292852E7 0 8690 
50 0.75 0.1 6 1.7852189903683535E13 211215.02 2.6253068E7 0 10122 
50 0.75 0.1 7 1.7851810212475496E13 212111.94 2.638358E7 0 9281 
50 0.75 0.1 8 1.7851650274899805E13 212488.62 2.6290836E7 0 8183 
50 0.75 0.1 9 1.7851513421650934E13 212810.4 2.647316E7 0 8239 
50 0.95 0.001 0 1.785207552766581E13 211485.6 2.6385232E7 0 8347 
50 0.95 0.001 1 1.785103038094191E13 213942.3 2.6578544E7 0 4021 
50 0.95 0.001 2 1.7852281239558914E13 210998.69 2.631012E7 0 6932 
50 0.95 0.001 3 1.78518801581809E13 211947.0 2.639646E7 0 4243 
50 0.95 0.001 4 1.7851897807657727E13 211905.36 2.6392694E7 0 4241 
50 0.95 0.001 5 1.7851861667214703E13 211990.61 2.6351582E7 0 6309 
50 0.95 0.001 6 1.7852233809922793E13 211111.06 2.6285024E7 0 8808 
50 0.95 0.001 7 1.78518031926222E13 212128.48 2.6337058E7 0 7213 
50 0.95 0.001 8 1.783121320687181E13 231983.81 2.8474534E7 0 3446 
50 0.95 0.001 9 1.785154369053337E13 212739.27 2.6451482E7 0 6606 
50 0.95 0.001 0 1.785167079846943E13 212440.31 2.6363328E7 0 8611 
50 0.95 0.001 1 1.7800286543508047E13 211215.02 2.6253068E7 0 3481 
50 0.95 0.001 2 1.785170120550533E13 212368.73 2.6446016E7 0 3611 
50 0.95 0.001 3 1.7800751716758566E13 212029.38 2.6342148E7 0 3191 
50 0.95 0.001 4 1.780172085910702E13 210589.45 2.6302012E7 0 3671 
50 0.95 0.001 5 1.785218160155706E13 211234.67 2.6254836E7 0 6396 
50 0.95 0.001 6 1.78014224853426E13 210257.97 2.6317412E7 0 5206 
50 0.95 0.001 7 1.785192125738621E13 211850.02 2.63962E7 0 4145 
50 0.95 0.001 8 1.7852457898998E13 210579.66 2.6325276E7 0 3687 
50 0.95 0.001 9 1.7830177127033098E13 233998.67 2.8577276E7 0 12606 
50 0.95 0.01 0 1.7851653445572727E13 212481.16 2.6440968E7 0 6606 
50 0.95 0.01 1 1.7793402265578617E13 209742.6 2.6225794E7 0 13118 
50 0.6 0.001 0 1.785157631021501E13 212662.6 2.6361716E7 0 65254 
50 0.6 0.001 1 1.785131584077126E13 213274.11 2.643858E7 0 67390 
50 0.6 0.001 2 1.785159471528609E13 212619.31 2.637944E7 0 11712 
50 0.6 0.001 3 1.779115416464917E13 211620.47 2.628955E7 0 2468 
50 0.6 0.001 4 1.785184549402279E13 212028.75 2.63263E7 0 55832 
50 0.6 0.001 5 1.7851604664657992E13 212595.9 2.6303392E7 0 9514 
50 0.6 0.001 6 1.7852266408247918E13 211033.83 2.631072E7 0 51833 
50 0.6 0.001 7 1.7852281239558914E13 210998.69 2.631012E7 0 43438 
50 0.6 0.001 8 1.7792155643134637E13 211033.83 2.631072E7 0 4848 
50 0.6 0.001 9 1.7851990059909254E13 211687.56 2.6295592E7 0 3572 
50 0.6 0.001 0 -1.0 0.0 0.0 1 2149 
50 0.6 0.001 1 1.7852245101999562E13 211084.31 2.6331056E7 0 38879 
50 0.6 0.001 2 1.7790984640646164E13 211766.61 2.630449E7 0 3686 
50 0.6 0.001 3 1.785190946335132E13 211877.84 2.632218E7 0 7479 
50 0.6 0.001 4 1.782957936719286E13 235154.02 2.8583096E7 0 5442 
50 0.6 0.001 5 1.785116403894577E13 213629.7 2.6461832E7 0 57764 
50 0.6 0.001 6 1.779187572418262E13 211402.1 2.6346424E7 0 3818 
50 0.6 0.001 7 1.785159471528609E13 212619.31 2.637944E7 0 13875 
50 0.6 0.001 8 1.7851599472518047E13 212608.12 2.6304482E7 0 54679 
50 0.6 0.001 9 1.779159961625109E13 211615.06 2.628907E7 0 5858 
50 0.6 0.01 0 1.78300085668518E13 234324.98 2.8606644E7 0 26863 
50 0.6 0.01 1 1.7851642382594902E13 212507.19 2.6279914E7 0 24635 
50 0.6 0.01 2 1.7852457898998E13 210579.66 2.6325276E7 0 24782 
50 0.6 0.01 3 1.780082857346957E13 211905.36 2.6392694E7 0 25952 
50 0.6 0.01 4 1.7801627764678277E13 210740.38 2.6300104E7 0 29736 
50 0.6 0.01 5 1.785158234514537E13 212648.4 2.6483726E7 0 20643 
50 0.6 0.01 6 1.78527773893499E13 209819.69 2.6203228E7 0 28202 
50 0.6 0.01 7 1.7851673902866164E13 212433.02 2.6325564E7 0 20388 
50 0.6 0.01 8 1.7851369774793098E13 213147.62 2.648273E7 0 26051 
50 0.6 0.01 9 1.7852281239558914E13 210998.69 2.631012E7 0 17954 
50 0.6 0.1 0 1.7799788643522242E13 212831.61 2.6398548E7 0 9425 
50 0.6 0.1 1 1.785210481940698E13 211416.34 2.6272964E7 0 12445 
50 0.6 0.1 2 1.78511803184134E13 213591.6 2.6480164E7 0 12366 
50 0.6 0.1 3 1.7851807023282832E13 212119.45 2.6334454E7 0 8576 
50 0.6 0.1 4 1.7851525969113613E13 212780.92 2.6378492E7 0 9305 
50 0.6 0.1 5 1.785161098252201E13 212581.06 2.6376E7 0 11190 
50 0.6 0.1 6 1.7852457898998E13 210579.66 2.6325276E7 0 11754 
50 0.6 0.1 7 1.7800926735307457E13 211789.48 2.6488372E7 0 10424 
50 0.6 0.1 8 1.785210481940698E13 211416.34 2.6272964E7 0 12061 
50 0.6 0.1 9 1.785245376874396E13 210589.45 2.6302012E7 0 11001 
50 0.75 0.001 0 1.785214649339262E13 211317.75 2.6352056E7 0 29481 
50 0.75 0.001 1 1.7851692673851395E13 212388.83 2.6344628E7 0 20338 
50 0.75 0.001 2 1.780061599562271E13 211485.89 2.6329808E7 0 12566 
50 0.75 0.001 3 1.7851994196817344E13 211677.8 2.630731E7 0 14569 
50 0.75 0.001 4 1.7801291612566336E13 211157.12 2.626365E7 0 31299 
50 0.75 0.001 5 1.7851893214326133E13 211916.19 2.6317948E7 0 13233 
50 0.75 0.001 6 1.7830510268475824E13 233352.53 2.8519132E7 0 13701 
50 0.75 0.001 7 1.7852279711453715E13 211002.31 2.6311444E7 0 23038 
50 0.75 0.001 8 1.779046729093156E13 212404.4 2.6360106E7 0 4300 
50 0.75 0.001 9 1.7851509412247547E13 212819.81 2.6317506E7 0 41497 
50 0.75 0.001 0 1.7830387505638254E13 233590.83 2.8590872E7 0 11258 
50 0.75 0.001 1 1.779995908458203E13 212557.88 2.6299968E7 0 8199 
50 0.75 0.001 2 1.7851438079568363E13 212987.34 2.6388408E7 0 5072 
50 0.75 0.001 3 1.7852074110040152E13 211488.95 2.6262232E7 0 40354 
50 0.75 0.001 4 1.7852423095530004E13 210662.27 2.6234606E7 0 33668 
50 0.75 0.001 5 1.7852032527930574E13 211587.23 2.6360524E7 0 10067 
50 0.75 0.001 6 1.7800596357785363E13 212242.45 2.6459422E7 0 6220 
50 0.75 0.001 7 1.78015306326546E13 210897.75 2.6329758E7 0 21348 
50 0.75 0.001 8 1.7852266408247918E13 211033.83 2.631072E7 0 32288 
50 0.75 0.001 9 1.7851897807657727E13 211905.36 2.6392694E7 0 11850 
50 0.75 0.01 0 1.7852108826317453E13 211406.86 2.6378148E7 0 9273 
50 0.75 0.01 1 1.779310919315229E13 210081.14 2.6237574E7 0 15158 
50 0.75 0.01 2 1.785191634415193E13 211861.61 2.637692E7 0 17982 
50 0.75 0.01 3 1.780050594142871E13 212166.47 2.6277338E7 0 11629 
50 0.75 0.01 4 1.780056089822871E13 211877.84 2.632218E7 0 19265 
50 0.75 0.01 5 1.7830540234311457E13 233294.34 2.8511324E7 0 20380 
50 0.75 0.01 6 1.7792203405591324E13 210589.45 2.6302012E7 0 18213 
50 0.75 0.01 7 1.78521108404406E13 211402.1 2.6346424E7 0 18698 
50 0.75 0.01 8 1.7852379184631332E13 210766.47 2.6274728E7 0 16276 
50 0.75 0.01 9 1.7799756338073637E13 212930.28 2.631798E7 0 10277 
50 0.75 0.1 0 1.783053426038977E13 233305.94 2.851494E7 0 9919 
50 0.75 0.1 1 1.7800498997992926E13 212177.66 2.6352296E7 0 8887 
50 0.75 0.1 2 1.785172393770927E13 212315.22 2.6361608E7 0 8688 
50 0.75 0.1 3 1.78014269911472E13 210900.56 2.6330006E7 0 8062 
50 0.75 0.1 4 1.7850967194358195E13 214089.92 2.6451052E7 0 5910 
50 0.75 0.1 5 1.7830047759704418E13 234249.16 2.8449346E7 0 8661 
50 0.75 0.1 6 1.785176566540396E13 212216.92 2.6343236E7 0 10689 
50 0.75 0.1 7 1.7852245101999562E13 211084.31 2.6331056E7 0 9869 
50 0.75 0.1 8 1.7852344136149523E13 210849.6 2.625068E7 0 7322 
50 0.75 0.1 9 1.780000375177906E13 212404.4 2.6360106E7 0 10446 
50 0.95 0.001 0 1.7789894758695E13 212446.81 2.6469152E7 0 3637 
50 0.95 0.001 1 1.7851504395047656E13 212831.61 2.6398548E7 0 3736 
50 0.95 0.001 2 1.7852189903683535E13 211215.02 2.6253068E7 0 9754 
50 0.95 0.001 3 1.7795616197161242E13 210357.8 2.625344E7 0 3852 
50 0.95 0.001 4 1.779305198515543E13 210169.95 2.6234754E7 0 3696 
50 0.95 0.001 5 1.7799947156676992E13 212495.34 2.6368296E7 0 4760 
50 0.95 0.001 6 1.7852366863818625E13 210795.69 2.6292852E7 0 9408 
50 0.95 0.001 7 1.782949073365063E13 235324.89 2.864525E7 0 4075 
50 0.95 0.001 8 1.7851504395047656E13 212831.61 2.6398548E7 0 4804 
50 0.95 0.001 9 1.78294854595504E13 235335.05 2.8525448E7 0 8710 
50 0.95 0.001 0 1.7800803393691117E13 211211.66 2.6252766E7 0 4214 
50 0.95 0.001 1 1.7801686275995637E13 210169.95 2.6234754E7 0 4521 
50 0.95 0.001 2 1.780080907110824E13 211620.47 2.628955E7 0 5012 
50 0.95 0.001 3 1.7852323823083723E13 210897.75 2.6329758E7 0 4592 
50 0.95 0.001 4 1.780172690680129E13 210579.66 2.6325276E7 0 7860 
50 0.95 0.001 5 1.7851620836279242E13 212557.88 2.6299968E7 0 7273 
50 0.95 0.001 6 1.785211658775034E13 211388.5 2.6346984E7 0 8127 
50 0.95 0.001 7 1.7851754826767402E13 212242.45 2.6459422E7 0 9382 
50 0.95 0.001 8 1.779981780384836E13 212831.61 2.6398548E7 0 5244 
50 0.95 0.001 9 1.7800723120943508E13 212077.8 2.6317004E7 0 9376 
50 0.95 0.01 0 1.7829974492390777E13 234390.9 2.861258E7 0 6100 
50 0.95 0.01 1 1.7801549001867582E13 210281.19 2.6252444E7 0 6013 
50 0.6 0.001 0 1.7830038422819895E13 234267.22 2.858516E7 0 51026 
50 0.6 0.001 1 1.7829900641318406E13 234533.7 2.8378564E7 0 36011 
50 0.6 0.001 2 1.7852020755963668E13 211615.06 2.628907E7 0 57841 
50 0.6 0.001 3 1.785210481940698E13 211416.34 2.6272964E7 0 59174 
50 0.6 0.001 4 1.7852075404574496E13 211485.89 2.6329808E7 0 38876 
50 0.6 0.001 5 1.7800321102325164E13 211159.39 2.6248064E7 0 45853 
50 0.6 0.001 6 1.7852445517531156E13 210609.05 2.6303776E7 0 62754 
50 0.6 0.001 7 1.7801784645909445E13 210486.0 2.6292702E7 0 49535 
50 0.6 0.001 8 1.7851735075276348E13 212288.98 2.6362942E7 0 61521 
50 0.6 0.001 9 1.7852176124139992E13 211247.64 2.6256008E7 0 41737 
50 0.6 0.001 0 1.785176386402903E13 212221.17 2.635056E7 0 44757 
50 0.6 0.001 1 1.78015306326546E13 210897.75 2.6329758E7 0 38886 
50 0.6 0.001 2 1.7851580555060066E13 212652.61 2.6382436E7 0 42752 
50 0.6 0.001 3 1.785204713700268E13 211552.72 2.6312168E7 0 45377 
50 0.6 0.001 4 1.7851893214326133E13 211916.19 2.6317948E7 0 59945 
50 0.6 0.001 5 1.7851824695406707E13 212077.8 2.6317004E7 0 58381 
50 0.6 0.001 6 1.7851893214326133E13 211916.19 2.6317948E7 0 67715 
50 0.6 0.001 7 1.7800498997992926E13 212177.66 2.6352296E7 0 50908 
50 0.6 0.001 8 1.785128838341876E13 213338.47 2.6370204E7 0 51781 
50 0.6 0.001 9 1.78522133982601E13 211159.39 2.6248064E7 0 46961 
50 0.6 0.01 0 1.782990587690173E13 234523.58 2.850258E7 0 29118 
50 0.6 0.01 1 1.7800280455030402E13 211617.19 2.6363212E7 0 30514 
50 0.6 0.01 2 1.7801321270329266E13 211236.72 2.6460926E7 0 24490 
50 0.6 0.01 3 1.7851565228652336E13 212688.64 2.6318824E7 0 26517 
50 0.6 0.01 4 1.783036663961331E13 233631.31 2.8541658E7 0 22552 
50 0.6 0.01 5 1.785168605553965E13 212404.4 2.6360106E7 0 25903 
50 0.6 0.01 6 1.7800584184445688E13 212299.55 2.6366458E7 0 28178 
50 0.6 0.01 7 1.7829807829809086E13 234713.06 2.8566456E7 0 23325 
50 0.6 0.01 8 1.7851442248533395E13 212977.56 2.6440394E7 0 25295 
50 0.6 0.01 9 1.7801881733773234E13 210163.44 2.6248176E7 0 30762 
50 0.6 0.1 0 1.7851607179234062E13 212590.0 2.6386274E7 0 13290 
50 0.6 0.1 1 1.7851728244453668E13 212305.06 2.6427898E7 0 9011 
50 0.6 0.1 2 1.7829674576595535E13 234970.34 2.8646652E7 0 11344 
50 0.6 0.1 3 1.7852114112984254E13 211394.36 2.6276164E7 0 12049 
50 0.6 0.1 4 1.7852453767921348E13 210589.45 2.6302012E7 0 12368 
50 0.6 0.1 5 1.7852390182502125E13 210740.38 2.6300104E7 0 13112 
50 0.6 0.1 6 1.780085105046306E13 211552.72 2.6312168E7 0 11105 
50 0.6 0.1 7 1.78293308318274E13 235632.88 2.8672966E7 0 10648 
50 0.6 0.1 8 1.7799849372936715E13 212780.92 2.6378492E7 0 11646 
50 0.6 0.1 9 1.7801708777596367E13 210609.05 2.6303776E7 0 12091 
50 0.75 0.001 0 1.785204713700268E13 211552.72 2.6312168E7 0 35412 
50 0.75 0.001 1 1.7851562401344684E13 212695.28 2.6312328E7 0 38387 
50 0.75 0.001 2 1.7829940528427418E13 234456.6 2.8609884E7 0 33533 
50 0.75 0.001 3 1.7851169982831703E13 213615.78 2.6469324E7 0 29398 
50 0.75 0.001 4 1.785211658775034E13 211388.5 2.6346984E7 0 46262 
50 0.75 0.001 5 1.7851810212475496E13 212111.94 2.638358E7 0 36240 
50 0.75 0.001 6 1.7851627454391703E13 212542.31 2.6397668E7 0 38782 
50 0.75 0.001 7 1.7829383834023402E13 235530.83 2.8589828E7 0 31097 
50 0.75 0.001 8 1.7852851433552684E13 209643.16 2.6216848E7 0 30858 
50 0.75 0.001 9 1.783011354951774E13 234121.81 2.8437884E7 0 32287 
50 0.75 0.001 0 1.785168122735876E13 212415.77 2.6361132E7 0 43443 
50 0.75 0.001 1 1.785255128709309E13 210357.8 2.625344E7 0 38896 
50 0.75 0.001 2 1.780037033188225E13 211676.6 2.6325896E7 0 33242 
50 0.75 0.001 3 1.78527773893499E13 209819.69 2.6203228E7 0 36072 
50 0.75 0.001 4 1.785224407790496E13 211086.73 2.6241524E7 0 34593 
50 0.75 0.001 5 1.7830358931060434E13 233646.27 2.833784E7 0 38319 
50 0.75 0.001 6 1.785175918343593E13 212232.19 2.6396972E7 0 37127 
50 0.75 0.001 7 1.78518801581809E13 211947.0 2.639646E7 0 44136 
50 0.75 0.001 8 1.78519231176749E13 211845.62 2.6338532E7 0 41724 
50 0.75 0.001 9 1.7851659101046383E13 212467.84 2.6350324E7 0 31049 
50 0.75 0.01 0 1.78514293965908E13 213007.72 2.6377286E7 0 18924 
50 0.75 0.01 1 1.7852005979715703E13 211649.97 2.638133E7 0 16732 
50 0.75 0.01 2 1.780116739927806E13 211485.6 2.6385232E7 0 16554 
50 0.75 0.01 3 1.785168732000077E13 212401.44 2.6362406E7 0 19487 
50 0.75 0.01 4 1.785170120550533E13 212368.73 2.6446016E7 0 15997 
50 0.75 0.01 5 1.7851580555060066E13 212652.61 2.6382436E7 0 13218 
50 0.75 0.01 6 1.783070178292369E13 232980.36 2.8495296E7 0 16764 
50 0.75 0.01 7 1.7852344136149523E13 210849.6 2.625068E7 0 15050 
50 0.75 0.01 8 1.7800280455030402E13 211617.19 2.6363212E7 0 13580 
50 0.75 0.01 9 1.780050017262457E13 211467.47 2.6275794E7 0 18290 
50 0.75 0.1 0 1.780027001545959E13 212457.56 2.6443196E7 0 10993 
50 0.75 0.1 1 1.7801271182981555E13 211317.75 2.6352056E7 0 11300 
50 0.75 0.1 2 1.785197610067315E13 211720.53 2.6283068E7 0 10375 
50 0.75 0.1 3 1.7829674576595535E13 234970.34 2.8646652E7 0 9636 
50 0.75 0.1 4 1.780080907110824E13 211620.47 2.628955E7 0 10370 
50 0.75 0.1 5 1.7801159849130527E13 211111.06 2.6285024E7 0 10105 
50 0.75 0.1 6 1.7852540595176926E13 210383.2 2.6359972E7 0 9162 
50 0.75 0.1 7 1.782978751100515E13 234752.31 2.8570356E7 0 8690 
50 0.75 0.1 8 1.7800811030510395E13 211474.44 2.6285876E7 0 8871 
50 0.75 0.1 9 1.7799121119414117E13 213411.72 2.6429132E7 0 8069 
50 0.95 0.001 0 1.7801039154922453E13 211607.89 2.6369576E7 0 9356 
50 0.95 0.001 1 1.780026838551517E13 211159.39 2.6248064E7 0 7009 
50 0.95 0.001 2 1.7851901794038746E13 211895.95 2.631435E7 0 10247 
50 0.95 0.001 3 1.779210981367988E13 211234.67 2.6254836E7 0 4998 
50 0.95 0.001 4 1.7851844958979883E13 212030.02 2.6304792E7 0 12475 
50 0.95 0.001 5 1.779986867945136E13 211705.05 2.6281672E7 0 9707 
50 0.95 0.001 6 1.7851374063455348E13 213137.56 2.6454796E7 0 6137 
50 0.95 0.001 7 1.7851810212475496E13 212111.94 2.638358E7 0 10682 
50 0.95 0.001 8 1.780082857346957E13 211905.36 2.6392694E7 0 8688 
50 0.95 0.001 9 1.785138101014244E13 213121.28 2.644976E7 0 10764 
50 0.95 0.001 0 1.785184549402279E13 212028.75 2.63263E7 0 15000 
50 0.95 0.001 1 1.7851893214326133E13 211916.19 2.6317948E7 0 15939 
50 0.95 0.001 2 1.785218160155706E13 211234.67 2.6254836E7 0 17938 
50 0.95 0.001 3 1.785161098252201E13 212581.06 2.6376E7 0 8499 
50 0.95 0.001 4 1.783005166543906E13 234241.6 2.8345192E7 0 13556 
50 0.95 0.001 5 1.7851650274899805E13 212488.62 2.6290836E7 0 8536 
50 0.95 0.001 6 1.785214448254946E13 211322.52 2.6262742E7 0 10026 
50 0.95 0.001 7 1.7852457898998E13 210579.66 2.6325276E7 0 6426 
50 0.95 0.001 8 1.7852108826317453E13 211406.86 2.6378148E7 0 15963 
50 0.95 0.001 9 1.780136489939061E13 211081.12 2.637806E7 0 10436 
50 0.95 0.01 0 1.7800023076941523E13 212440.31 2.6363328E7 0 7136 
50 0.95 0.01 1 1.7851760173294707E13 212229.86 2.6328906E7 0 8094 
50 0.95 0.01 2 1.785210481940698E13 211416.34 2.6272964E7 0 6731 
50 0.95 0.01 3 1.7851659101046383E13 212467.84 2.6350324E7 0 6731 
50 0.95 0.01 4 1.7852108826317453E13 211406.86 2.6378148E7 0 7801 
50 0.95 0.01 5 1.7830371057532137E13 233622.73 2.8492072E7 0 6732 
50 0.95 0.01 6 1.782985728681975E13 234617.5 2.8616688E7 0 7447 
50 0.95 0.01 7 1.7852108826317453E13 211406.86 2.6378148E7 0 5649 
50 0.95 0.01 8 1.7851453317699188E13 212951.56 2.6411914E7 0 5653 
50 0.95 0.01 9 1.7792376654756973E13 211402.86 2.6298684E7 0 5264 
50 0.95 0.1 0 1.7852457898998E13 210579.66 2.6325276E7 0 7587 
50 0.95 0.1 1 1.7852445517531156E13 210609.05 2.6303776E7 0 7227 
50 0.95 0.1 2 1.7800367192552203E13 212389.95 2.6371404E7 0 8201 
50 0.95 0.1 3 1.7851994625959977E13 211676.78 2.6307844E7 0 7475 
50 0.95 0.1 4 1.7852019852462023E13 211617.19 2.6363212E7 0 8010 
50 0.95 0.1 5 1.7801483013474562E13 210849.6 2.625068E7 0 6439 
50 0.95 0.1 6 1.7852189903683535E13 211215.02 2.6253068E7 0 7167 
50 0.95 0.1 7 1.783074361110333E13 232899.0 2.8475748E7 0 7195 
50 0.95 0.1 8 1.785155239663545E13 212718.81 2.6366774E7 0 6389 
50 0.95 0.1 9 1.78000801406536E13 212119.45 2.6334454E7 0 8152 
100 0.6 0.001 0 1.7851893214326133E13 211916.19 2.6317948E7 0 24827 
100 0.6 0.001 1 1.7851893214326133E13 211916.19 2.6317948E7 0 34990 
100 0.6 0.001 2 1.785159471528609E13 212619.31 2.637944E7 0 32228 
100 0.6 0.001 3 1.7851775779127746E13 212193.1 2.6341088E7 0 30149 
100 0.6 0.001 4 1.7852445517531156E13 210609.05 2.6303776E7 0 36551 
100 0.6 0.001 5 1.7852809731701086E13 209742.6 2.6225794E7 0 32987 
100 0.6 0.001 6 1.7852423095530004E13 210662.27 2.6234606E7 0 33000 
100 0.6 0.001 7 1.7852018465366734E13 211620.47 2.628955E7 0 27944 
100 0.6 0.001 8 1.7830047759704418E13 234249.16 2.8449346E7 0 27602 
100 0.6 0.001 9 1.780108549506926E13 210522.94 2.6268308E7 0 30940 
100 0.6 0.001 0 1.7852020755963668E13 211615.06 2.628907E7 0 28761 
100 0.6 0.001 1 1.7852445517531156E13 210609.05 2.6303776E7 0 31984 
100 0.6 0.001 2 1.7851728244453668E13 212305.06 2.6427898E7 0 30811 
100 0.6 0.001 3 1.7851867891739152E13 211975.94 2.6449644E7 0 29617 
100 0.6 0.001 4 1.7851918084545105E13 211857.5 2.6317834E7 0 29949 
100 0.6 0.001 5 1.7851393622549633E13 213091.69 2.64471E7 0 29467 
100 0.6 0.001 6 1.7852445517531156E13 210609.05 2.6303776E7 0 33733 
100 0.6 0.001 7 1.785215586187202E13 211295.6 2.6417994E7 0 29819 
100 0.6 0.001 8 1.785159471528609E13 212619.31 2.637944E7 0 31011 
100 0.6 0.001 9 1.7851614990748562E13 212571.62 2.6531714E7 0 26153 
100 0.6 0.01 0 1.785238530076481E13 210751.95 2.6351004E7 0 28012 
100 0.6 0.01 1 1.7851280042835766E13 213358.02 2.6474634E7 0 17516 
100 0.6 0.01 2 1.785159471528609E13 212619.31 2.637944E7 0 26000 
50 0.6 0.001 0 1.785157631021501E13 212662.6 2.6361716E7 0 63790 
50 0.6 0.001 1 1.785214649339262E13 211317.75 2.6352056E7 0 49652 
50 0.6 0.001 2 1.78014269911472E13 210900.56 2.6330006E7 0 8215 
50 0.6 0.001 3 1.7830241522783703E13 233413.14 2.879726E7 0 48803 
50 0.6 0.001 4 1.7851114409128164E13 213745.83 2.6443724E7 0 9555 
50 0.6 0.001 5 1.785166528730059E13 212453.28 2.6342882E7 0 51916 
50 0.6 0.001 6 1.785210481940698E13 211416.34 2.6272964E7 0 18770 
50 0.6 0.001 7 1.785207552766581E13 211485.6 2.6385232E7 0 8763 
50 0.6 0.001 8 1.779084828021484E13 212876.9 2.6461296E7 0 2360 
50 0.6 0.001 9 1.7851635403622457E13 212523.61 2.6355344E7 0 47478 
50 0.6 0.001 0 1.78519044493206E13 211889.69 2.6342502E7 0 50415 
50 0.6 0.001 1 1.7851659101046383E13 212467.84 2.6350324E7 0 46962 
50 0.6 0.001 2 1.7852453767921348E13 210589.45 2.6302012E7 0 58709 
50 0.6 0.001 3 1.7830043945699785E13 234256.53 2.8595016E7 0 46909 
50 0.6 0.001 4 1.7852457898998E13 210579.66 2.6325276E7 0 27345 
50 0.6 0.001 5 1.7852108826317453E13 211406.86 2.6378148E7 0 41146 
50 0.6 0.001 6 1.7851267026232773E13 213388.52 2.642706E7 0 40988 
50 0.6 0.001 7 1.7852108826317453E13 211406.86 2.6378148E7 0 53612 
50 0.6 0.001 8 1.785159471528609E13 212619.31 2.637944E7 0 51547 
50 0.6 0.001 9 1.7851893214326133E13 211916.19 2.6317948E7 0 22357 
50 0.6 0.01 0 1.7800393625376336E13 211615.06 2.628907E7 0 30411 
50 0.6 0.01 1 1.7801415436289418E13 211084.31 2.6331056E7 0 30592 
50 0.6 0.01 2 1.7829728841693402E13 234865.6 2.8637228E7 0 16845 
50 0.6 0.01 3 1.7829799712768426E13 234728.73 2.8634376E7 0 21220 
50 0.6 0.01 4 1.780039867209091E13 212339.25 2.6351348E7 0 20318 
50 0.6 0.01 5 1.7851994196817344E13 211677.8 2.630731E7 0 26431 
50 0.6 0.01 6 1.7852196301784047E13 211199.88 2.6282204E7 0 30016 
50 0.6 0.01 7 1.785214448254946E13 211322.52 2.6262742E7 0 19497 
50 0.6 0.01 8 1.7851754826767402E13 212242.45 2.6459422E7 0 28053 
50 0.6 0.01 9 1.785167113953508E13 212439.52 2.6364684E7 0 28926 
50 0.6 0.1 0 1.7829799712768426E13 234728.73 2.8634376E7 0 11130 
50 0.6 0.1 1 1.785197320931791E13 211727.38 2.630059E7 0 9198 
50 0.6 0.1 2 1.780070484301128E13 212107.28 2.6411668E7 0 11587 
50 0.6 0.1 3 1.7829728841693402E13 234865.6 2.8637228E7 0 12940 
50 0.6 0.1 4 1.783055858074245E13 233258.7 2.8548072E7 0 12728 
50 0.6 0.1 5 1.7830601498469195E13 233175.31 2.8540564E7 0 11154 
50 0.6 0.1 6 1.785199841290994E13 211667.84 2.6355846E7 0 8895 
50 0.6 0.1 7 1.7801246378901516E13 211272.89 2.6323932E7 0 11643 
50 0.6 0.1 8 1.785232264254274E13 210900.56 2.6330006E7 0 12487 
50 0.6 0.1 9 1.779936604990286E13 212608.12 2.6304482E7 0 11921 
50 0.75 0.001 0 1.779976774354542E13 211845.62 2.6338532E7 0 47686 
50 0.75 0.001 1 1.7799863319696418E13 212467.84 2.6350324E7 0 4671 
50 0.75 0.001 2 1.7851468316234785E13 212916.34 2.6483696E7 0 27108 
50 0.75 0.001 3 1.785255128709309E13 210357.8 2.625344E7 0 29329 
50 0.75 0.001 4 1.7801149959798496E13 211388.5 2.6346984E7 0 28086 
50 0.75 0.001 5 1.782967300383629E13 234973.38 2.8613616E7 0 5060 
50 0.75 0.001 6 1.7852233809922793E13 211111.06 2.6285024E7 0 54128 
50 0.75 0.001 7 1.78517137269257E13 212339.25 2.6351348E7 0 34003 
50 0.75 0.001 8 1.7800933221846938E13 211864.0 2.6465504E7 0 22703 
50 0.75 0.001 9 1.7792203408118016E13 210589.45 2.6302012E7 0 24907 
50 0.75 0.001 0 1.7852851433552684E13 209643.16 2.6216848E7 0 35535 
50 0.75 0.001 1 1.7852809731701086E13 209742.6 2.6225794E7 0 36925 
50 0.75 0.001 2 1.7792762683369004E13 211002.31 2.6311444E7 0 14298 
50 0.75 0.001 3 1.785175918343593E13 212232.19 2.6396972E7 0 34847 
50 0.75 0.001 4 1.7852851433552684E13 209643.16 2.6216848E7 0 35520 
50 0.75 0.001 5 1.7851110439715164E13 213755.11 2.6457504E7 0 45316 
50 0.75 0.001 6 1.783041383668998E13 233539.73 2.8573362E7 0 41890 
50 0.75 0.001 7 1.785256812890434E13 210317.75 2.632742E7 0 27213 
50 0.75 0.001 8 1.7851810212475496E13 212111.94 2.638358E7 0 9188 
50 0.75 0.001 9 1.785197610067315E13 211720.53 2.6283068E7 0 40207 
50 0.75 0.01 0 1.7852457898998E13 210579.66 2.6325276E7 0 20463 
50 0.75 0.01 1 1.7801686275995637E13 210169.95 2.6234754E7 0 16212 
50 0.75 0.01 2 1.7800830209568906E13 211905.0 2.6242992E7 0 18104 
50 0.75 0.01 3 1.7801784645909445E13 210486.0 2.6292702E7 0 19278 
50 0.75 0.01 4 1.7800393625376336E13 211615.06 2.628907E7 0 17156 
50 0.75 0.01 5 1.785167079846943E13 212440.31 2.6363328E7 0 20562 
50 0.75 0.01 6 1.783013339017516E13 234083.39 2.8533524E7 0 21433 
50 0.75 0.01 7 1.7801783670589918E13 210402.61 2.6335056E7 0 14092 
50 0.75 0.01 8 1.782992268151762E13 234491.1 2.8604946E7 0 15369 
50 0.75 0.01 9 1.77997689798179E13 212619.31 2.637944E7 0 19315 
50 0.75 0.1 0 1.7852020755963668E13 211615.06 2.628907E7 0 9581 
50 0.75 0.1 1 1.7800808985179707E13 211677.8 2.630731E7 0 8533 
50 0.75 0.1 2 1.7830272040991777E13 233814.75 2.8560724E7 0 8681 
50 0.75 0.1 3 1.7800499998066758E13 211687.56 2.6295592E7 0 8843 
50 0.75 0.1 4 1.7798414995732914E13 211047.61 2.6287792E7 0 10195 
50 0.75 0.1 5 1.7852423095530004E13 210662.27 2.6234606E7 0 9436 
50 0.75 0.1 6 1.785202378547952E13 211607.89 2.6369576E7 0 9107 
50 0.75 0.1 7 1.7852108826317453E13 211406.86 2.6378148E7 0 8687 
50 0.75 0.1 8 1.7830503666593953E13 233365.36 2.8535912E7 0 8410 
50 0.75 0.1 9 1.7800314011477008E13 211085.95 2.624146E7 0 8701 
50 0.95 0.001 0 1.785172393770927E13 212315.22 2.6361608E7 0 11982 
50 0.95 0.001 1 1.779086570672272E13 212193.1 2.6341088E7 0 3609 
50 0.95 0.001 2 1.7852540595176926E13 210383.2 2.6359972E7 0 8678 
50 0.95 0.001 3 1.785168605553965E13 212404.4 2.6360106E7 0 8464 
50 0.95 0.001 4 1.785154952156216E13 212725.56 2.6306508E7 0 11319 
50 0.95 0.001 5 1.7791533682052715E13 211865.48 2.629612E7 0 3289 
50 0.95 0.001 6 1.780172085910702E13 210589.45 2.6302012E7 0 5782 
50 0.95 0.001 7 1.780026838551517E13 211159.39 2.6248064E7 0 3172 
50 0.95 0.001 8 1.7791042415880797E13 211677.8 2.630731E7 0 3896 
50 0.95 0.001 9 1.7851787077700992E13 212166.47 2.6277338E7 0 6670 
50 0.95 0.001 0 1.7852390182502125E13 210740.38 2.6300104E7 0 8570 
50 0.95 0.001 1 1.7829957411504523E13 234423.94 2.8610084E7 0 9551 
50 0.95 0.001 2 1.7852020755963668E13 211615.06 2.628907E7 0 3536 
50 0.95 0.001 3 1.7851676721708633E13 212426.38 2.6438816E7 0 12106 
50 0.95 0.001 4 1.7829610729427703E13 235093.53 2.8550476E7 0 6756 
50 0.95 0.001 5 1.7852457898998E13 210579.66 2.6325276E7 0 8066 
50 0.95 0.001 6 1.78522133982601E13 211159.39 2.6248064E7 0 8533 
50 0.95 0.001 7 1.785245376874396E13 210589.45 2.6302012E7 0 10497 
50 0.95 0.001 8 1.7852279711453715E13 211002.31 2.6311444E7 0 9026 
50 0.95 0.001 9 1.785245376874396E13 210589.45 2.6302012E7 0 7581 
50 0.95 0.01 0 1.7851578254893805E13 212658.02 2.6293476E7 0 7287 
50 0.95 0.01 1 1.7852189903683535E13 211215.02 2.6253068E7 0 9674 
50 0.95 0.01 2 1.78300085668518E13 234324.98 2.8606644E7 0 4987 
50 0.95 0.01 3 1.7792709490972504E13 211085.95 2.624146E7 0 5464 
50 0.95 0.01 4 1.780004805266374E13 212428.2 2.6362244E7 0 7850 
50 0.95 0.01 5 1.7852189903683535E13 211215.02 2.6253068E7 0 7131 
50 0.95 0.01 6 1.7801784645909445E13 210486.0 2.6292702E7 0 7018 
50 0.95 0.01 7 1.7851659101046383E13 212467.84 2.6350324E7 0 8973 
50 0.95 0.01 8 1.780131814048114E13 211241.78 2.6345226E7 0 8221 
50 0.95 0.01 9 1.785211658775034E13 211388.5 2.6346984E7 0 6275 
50 0.95 0.1 0 1.78521108404406E13 211402.1 2.6346424E7 0 8234 
50 0.95 0.1 1 1.7801132742249562E13 211416.34 2.6272964E7 0 9112 
50 0.95 0.1 2 1.7852366056039277E13 210797.61 2.6368038E7 0 8692 
50 0.95 0.1 3 1.785169221007929E13 212389.92 2.6435534E7 0 7555 
50 0.95 0.1 4 1.78008232778335E13 211916.19 2.6317948E7 0 8007 
50 0.95 0.1 5 1.78519231176749E13 211845.62 2.6338532E7 0 9280 
50 0.95 0.1 6 1.7801415436289418E13 211084.31 2.6331056E7 0 8245 
50 0.95 0.1 7 1.782989343927818E13 234547.62 2.8575304E7 0 8639 
50 0.95 0.1 8 1.780172085790252E13 210589.45 2.6302012E7 0 8328 
50 0.95 0.1 9 1.785232664379651E13 210891.06 2.6375386E7 0 7369 
100 0.6 0.001 0 1.7852020755963668E13 211615.06 2.628907E7 0 28402 
100 0.6 0.001 1 1.78519231176749E13 211845.62 2.6338532E7 0 31569 
100 0.6 0.001 2 1.7852266408247918E13 211033.83 2.631072E7 0 31163 
100 0.6 0.001 3 1.785220019734661E13 211190.66 2.633202E7 0 34161 
100 0.6 0.001 4 1.785159471528609E13 212619.31 2.637944E7 0 34726 
100 0.6 0.001 5 1.78521108404406E13 211402.1 2.6346424E7 0 33510 
100 0.6 0.001 6 1.7798963315148297E13 212542.31 2.6397668E7 0 31132 
100 0.6 0.001 7 1.780172085790252E13 210589.45 2.6302012E7 0 30340 
100 0.6 0.001 8 1.785218160155706E13 211234.67 2.6254836E7 0 30582 
50 0.6 0.001 0 1.785159471528609E13 212619.31 2.637944E7 0 39690 
50 0.6 0.001 1 1.7851818830767406E13 212091.62 2.6408474E7 0 51689 
50 0.6 0.001 2 -1.0 0.0 0.0 1 1440 
50 0.6 0.001 3 1.7851607179234062E13 212590.0 2.6386274E7 0 54108 
50 0.6 0.001 4 1.780172085790252E13 210589.45 2.6302012E7 0 3816 
50 0.6 0.001 5 1.7851525969113613E13 212780.92 2.6378492E7 0 36321 
50 0.6 0.001 6 1.783016833361946E13 234015.72 2.8393344E7 0 44835 
50 0.6 0.001 7 1.7851754208277492E13 212243.9 2.6284932E7 0 50771 
50 0.6 0.001 8 1.7830020241726668E13 234302.4 2.8528092E7 0 43330 
50 0.6 0.001 9 1.7852108826317453E13 211406.86 2.6378148E7 0 49672 
50 0.6 0.001 0 1.7793157167567266E13 210257.97 2.6317412E7 0 45602 
50 0.6 0.001 1 1.7830487448144332E13 233396.84 2.8524904E7 0 56026 
50 0.6 0.001 2 1.782971696229681E13 234888.53 2.842598E7 0 52545 
50 0.6 0.001 3 1.785168732000077E13 212401.44 2.6362406E7 0 51738 
50 0.6 0.001 4 1.7851675551696395E13 212429.12 2.628837E7 0 52026 
50 0.6 0.001 5 1.780172085910702E13 210589.45 2.6302012E7 0 44858 
50 0.6 0.001 6 -1.0 0.0 0.0 1 1520 
50 0.6 0.001 7 1.785131584077126E13 213274.11 2.643858E7 0 49677 
50 0.6 0.001 8 1.7851893214326133E13 211916.19 2.6317948E7 0 39086 
50 0.6 0.001 9 1.7851513421650934E13 212810.4 2.647316E7 0 47986 
50 0.6 0.01 0 1.7800457254523016E13 211485.89 2.6329808E7 0 19133 
50 0.6 0.01 1 1.7851562710416996E13 212694.56 2.6436012E7 0 22438 
50 0.6 0.01 2 1.7852453767921348E13 210589.45 2.6302012E7 0 22621 
50 0.6 0.01 3 1.7851728244453668E13 212305.06 2.6427898E7 0 21161 
50 0.6 0.01 4 1.7801483013474562E13 210849.6 2.625068E7 0 9591 
50 0.6 0.01 5 1.785104199075378E13 213915.16 2.645082E7 0 20799 
50 0.6 0.01 6 1.7801321270329266E13 211236.72 2.6460926E7 0 17885 
50 0.6 0.01 7 1.785245376874396E13 210589.45 2.6302012E7 0 19171 
50 0.6 0.01 8 1.780116739927806E13 211485.6 2.6385232E7 0 20535 
50 0.6 0.01 9 1.7851824695406707E13 212077.8 2.6317004E7 0 18731 
50 0.6 0.1 0 1.7801708777596367E13 210609.05 2.6303776E7 0 2987 
50 0.6 0.1 1 1.7852275230014492E13 211012.94 2.623666E7 0 2569 
50 0.6 0.1 2 1.780172085790252E13 210589.45 2.6302012E7 0 2095 
50 0.6 0.1 3 1.7851510872046723E13 212816.39 2.6307736E7 0 2793 
50 0.6 0.1 4 1.7851897807657727E13 211905.36 2.6392694E7 0 3123 
50 0.6 0.1 5 -1.0 0.0 0.0 1 65 
50 0.6 0.1 6 -1.0 0.0 0.0 1 232 
50 0.6 0.1 7 1.7799359342288754E13 212876.9 2.6461296E7 0 4201 
50 0.6 0.1 8 -1.0 0.0 0.0 1 87 
50 0.6 0.1 9 1.785214649339262E13 211317.75 2.6352056E7 0 3730 
50 0.75 0.001 0 -1.0 0.0 0.0 1 633 
50 0.75 0.001 1 1.7852245101999562E13 211084.31 2.6331056E7 0 28897 
50 0.75 0.001 2 1.783050646368367E13 233359.92 2.8443268E7 0 38045 
50 0.75 0.001 3 1.7829610729427703E13 235093.53 2.8550476E7 0 20627 
50 0.75 0.001 4 1.785103038094191E13 213942.3 2.6578544E7 0 26239 
50 0.75 0.001 5 1.785177592749701E13 212192.75 2.63507E7 0 45892 
50 0.75 0.001 6 1.7851659101046383E13 212467.84 2.6350324E7 0 35696 
50 0.75 0.001 7 1.785159471528609E13 212619.31 2.637944E7 0 38781 
50 0.75 0.001 8 1.7801734687459406E13 210130.7 2.6230854E7 0 26614 
50 0.75 0.001 9 -1.0 0.0 0.0 1 466 
50 0.75 0.001 0 1.7851728244453668E13 212305.06 2.6427898E7 0 33904 
50 0.75 0.001 1 1.780087938042996E13 211785.88 2.641576E7 0 27810 
50 0.75 0.001 2 1.7791955874695625E13 211211.66 2.6252766E7 0 3217 
50 0.75 0.001 3 1.783049633614866E13 233379.6 2.8338998E7 0 37709 
50 0.75 0.001 4 1.7852108826317453E13 211406.86 2.6378148E7 0 37209 
50 0.75 0.001 5 1.780070484301128E13 212107.28 2.6411668E7 0 43056 
50 0.75 0.001 6 1.7791987064594055E13 211406.17 2.6448456E7 0 2624 
50 0.75 0.001 7 -1.0 0.0 0.0 1 1543 
50 0.75 0.001 8 1.7852083199472664E13 211467.47 2.6275794E7 0 30449 
50 0.75 0.001 9 1.7852075404574496E13 211485.89 2.6329808E7 0 31004 
50 0.75 0.01 0 1.7852108826317453E13 211406.86 2.6378148E7 0 12953 
50 0.75 0.01 1 1.7800256837152984E13 212478.77 2.6368584E7 0 9625 
50 0.75 0.01 2 1.7800525824841363E13 211402.1 2.6346424E7 0 13610 
50 0.75 0.01 3 1.7800097763638875E13 212064.44 2.631402E7 0 5049 
50 0.75 0.01 4 1.785245376874396E13 210589.45 2.6302012E7 0 12405 
50 0.75 0.01 5 1.780019454540801E13 212239.64 2.6421802E7 0 12243 
50 0.75 0.01 6 1.785207552766581E13 211485.6 2.6385232E7 0 10731 
50 0.75 0.01 7 1.7851782330351137E13 212177.66 2.6352296E7 0 12691 
50 0.75 0.01 8 1.7852445517531156E13 210609.05 2.6303776E7 0 13881 
50 0.75 0.01 9 1.785224407790496E13 211086.73 2.6241524E7 0 12687 
50 0.75 0.1 0 -1.0 0.0 0.0 1 658 
50 0.75 0.1 1 1.7852390182502125E13 210740.38 2.6300104E7 0 3707 
50 0.75 0.1 2 1.7851761293297676E13 212227.22 2.6345576E7 0 2539 
50 0.75 0.1 3 1.785211051920793E13 211402.86 2.6298684E7 0 3433 
50 0.75 0.1 4 1.7852646772475785E13 210130.7 2.6230854E7 0 2410 
50 0.75 0.1 5 -1.0 0.0 0.0 1 319 
50 0.75 0.1 6 1.7851810212475496E13 212111.94 2.638358E7 0 4552 
50 0.75 0.1 7 1.7852189903683535E13 211215.02 2.6253068E7 0 2645 
50 0.75 0.1 8 1.7829815523759625E13 234698.19 2.862216E7 0 2556 
50 0.75 0.1 9 -1.0 0.0 0.0 1 89 
50 0.95 0.001 0 1.7792488069642027E13 211215.02 2.6253068E7 0 5462 
50 0.95 0.001 1 1.785166803753291E13 212446.81 2.6469152E7 0 5755 
50 0.95 0.001 2 1.7852593271447227E13 210257.97 2.6317412E7 0 9881 
50 0.95 0.001 3 1.7852851433552684E13 209643.16 2.6216848E7 0 9923 
50 0.95 0.001 4 1.7801132742249562E13 211416.34 2.6272964E7 0 10605 
50 0.95 0.001 5 1.7851599472518047E13 212608.12 2.6304482E7 0 9246 
50 0.95 0.001 6 1.7800023076941523E13 212440.31 2.6363328E7 0 5722 
50 0.95 0.001 7 1.7852071045876242E13 211496.2 2.635232E7 0 7846 
50 0.95 0.001 8 -1.0 0.0 0.0 1 966 
50 0.95 0.001 9 1.785255128709309E13 210357.8 2.625344E7 0 12576 
50 0.95 0.001 0 1.7830240392046703E13 233876.1 2.8566252E7 0 9436 
50 0.95 0.001 1 1.785190946335132E13 211877.84 2.632218E7 0 8837 
50 0.95 0.001 2 1.785161098252201E13 212581.06 2.6376E7 0 8599 
50 0.95 0.001 3 1.7791784417575586E13 211485.89 2.6329808E7 0 3595 
50 0.95 0.001 4 1.7800224404590766E13 212619.77 2.6302636E7 0 3156 
50 0.95 0.001 5 1.785210481940698E13 211416.34 2.6272964E7 0 10724 
50 0.95 0.001 6 1.785224407790496E13 211086.73 2.6241524E7 0 8661 
50 0.95 0.001 7 1.785170521553529E13 212359.3 2.6469936E7 0 11037 
50 0.95 0.001 8 1.785214448254946E13 211322.52 2.6262742E7 0 8446 
50 0.95 0.001 9 1.78299516194232E13 234435.14 2.8565182E7 0 5921 
50 0.95 0.01 0 1.785181218940334E13 212107.28 2.6411668E7 0 3133 
50 0.95 0.01 1 1.7801321270329266E13 211236.72 2.6460926E7 0 3386 
50 0.95 0.01 2 1.785130323006549E13 213303.67 2.6419424E7 0 2429 
50 0.95 0.01 3 1.7851818830767406E13 212091.62 2.6408474E7 0 6373 
50 0.95 0.01 4 1.7829003287591207E13 236262.6 2.8608934E7 0 4055 
50 0.95 0.01 5 1.7800751716758566E13 212029.38 2.6342148E7 0 2920 
50 0.95 0.01 6 1.785204713700268E13 211552.72 2.6312168E7 0 5877 
50 0.95 0.01 7 1.7852101194699484E13 211424.9 2.6271956E7 0 4379 
50 0.95 0.01 8 1.7851533198389105E13 212763.92 2.6441464E7 0 4893 
50 0.95 0.01 9 1.7851650274899805E13 212488.62 2.6290836E7 0 7336 
50 0.95 0.1 0 -1.0 0.0 0.0 1 1228 
50 0.95 0.1 1 1.7799636675918258E13 212831.61 2.6398548E7 0 3659 
50 0.95 0.1 2 -1.0 0.0 0.0 1 150 
50 0.95 0.1 3 1.7790193458218977E13 212695.28 2.6312328E7 0 2871 
50 0.95 0.1 4 1.7851827106930895E13 212072.11 2.640672E7 0 2082 
50 0.95 0.1 5 -1.0 0.0 0.0 1 261 
50 0.95 0.1 6 1.7777702062410453E13 233025.4 2.8479058E7 0 2089 
50 0.95 0.1 7 1.78521108404406E13 211402.1 2.6346424E7 0 2511 
50 0.95 0.1 8 1.7851730592218617E13 212299.55 2.6366458E7 0 2367 
50 0.95 0.1 9 1.7851076202426785E13 213835.19 2.644362E7 0 2065 
100 0.6 0.001 0 1.7851728244453668E13 212305.06 2.6427898E7 0 27376 
100 0.6 0.001 1 1.785211051920793E13 211402.86 2.6298684E7 0 35098 
100 0.6 0.001 2 1.7851807023282832E13 212119.45 2.6334454E7 0 30914 
100 0.6 0.001 3 1.785159471528609E13 212619.31 2.637944E7 0 26889 
100 0.6 0.001 4 1.785207552766581E13 211485.6 2.6385232E7 0 32869 
100 0.6 0.001 5 1.785245376874396E13 210589.45 2.6302012E7 0 28621 
100 0.6 0.001 6 1.785176176666262E13 212226.11 2.633552E7 0 29311 
100 0.6 0.001 7 1.785166528730059E13 212453.28 2.6342882E7 0 28719 
100 0.6 0.001 8 1.785210481940698E13 211416.34 2.6272964E7 0 28653 
100 0.6 0.001 9 1.785207552766581E13 211485.6 2.6385232E7 0 28255 
100 0.6 0.001 0 1.78514293965908E13 213007.72 2.6377286E7 0 29806 
100 0.6 0.001 1 1.785210481940698E13 211416.34 2.6272964E7 0 33096 
100 0.6 0.001 2 1.7851818830767406E13 212091.62 2.6408474E7 0 26944 
100 0.6 0.001 3 1.7801149959798496E13 211388.5 2.6346984E7 0 24934 
100 0.6 0.001 4 1.785198499497564E13 211699.53 2.637461E7 0 29346 
50 0.6 0.001 0 1.7852245654445062E13 211083.0 2.630321E7 0 58788 
50 0.6 0.001 1 1.7851705637764312E13 212358.31 2.626829E7 0 42682 
50 0.6 0.001 2 1.7852323823083723E13 210897.75 2.6329758E7 0 50714 
50 0.6 0.001 3 1.78008232778335E13 211916.19 2.6317948E7 0 32076 
50 0.6 0.001 4 1.780172690680129E13 210579.66 2.6325276E7 0 35932 
50 0.6 0.001 5 1.7851305643031305E13 213298.02 2.6418918E7 0 5630 
50 0.6 0.001 6 1.7852593271447227E13 210257.97 2.6317412E7 0 56536 
50 0.6 0.001 7 1.7851533198389105E13 212763.92 2.6441464E7 0 44359 
50 0.6 0.001 8 1.78522133982601E13 211159.39 2.6248064E7 0 55577 
50 0.6 0.001 9 1.7852776211565145E13 209822.48 2.6309508E7 0 49814 
50 0.6 0.001 0 1.78522133982601E13 211159.39 2.6248064E7 0 38519 
50 0.6 0.001 1 1.7851635403622457E13 212523.61 2.6355344E7 0 48862 
50 0.6 0.001 2 1.785205206042611E13 211541.08 2.6384868E7 0 50968 
50 0.6 0.001 3 1.779992063111008E13 212195.75 2.641784E7 0 44642 
50 0.6 0.001 4 1.78518979558258E13 211905.0 2.6242992E7 0 55754 
50 0.6 0.001 5 1.7800321154498477E13 211705.05 2.6281672E7 0 31128 
50 0.6 0.001 6 1.7852117152552215E13 211387.17 2.6346078E7 0 44695 
50 0.6 0.001 7 1.7801382129821246E13 211012.94 2.623666E7 0 45739 
50 0.6 0.001 8 1.7800722852145176E13 212118.53 2.6416528E7 0 25746 
50 0.6 0.001 9 1.7800830209568906E13 211905.0 2.6242992E7 0 52161 
50 0.6 0.01 0 1.783055858074245E13 233258.7 2.8548072E7 0 23854 
50 0.6 0.01 1 1.7852481838507637E13 210522.8 2.6264718E7 0 18184 
50 0.6 0.01 2 1.779151434215155E13 211528.69 2.6339764E7 0 2782 
50 0.6 0.01 3 1.785266760168776E13 210081.14 2.6237574E7 0 22067 
50 0.6 0.01 4 1.7851994196817344E13 211677.8 2.630731E7 0 26055 
50 0.6 0.01 5 1.7851749276787844E13 212255.53 2.633816E7 0 12202 
50 0.6 0.01 6 1.7851692197634566E13 212389.95 2.6371404E7 0 25526 
50 0.6 0.01 7 1.780172690680129E13 210579.66 2.6325276E7 0 23590 
50 0.6 0.01 8 1.785161098252201E13 212581.06 2.6376E7 0 17480 
50 0.6 0.01 9 1.785218160155706E13 211234.67 2.6254836E7 0 21566 
50 0.6 0.1 0 1.785164741538857E13 212495.34 2.6368296E7 0 3053 
50 0.6 0.1 1 1.785167113953508E13 212439.52 2.6364684E7 0 2493 
50 0.6 0.1 2 1.7852005979715703E13 211649.97 2.638133E7 0 2626 
50 0.6 0.1 3 1.785214387086775E13 211323.97 2.6264286E7 0 2674 
50 0.6 0.1 4 1.7852593271447227E13 210257.97 2.6317412E7 0 3845 
50 0.6 0.1 5 1.7799018504024117E13 213575.83 2.6443904E7 0 2676 
50 0.6 0.1 6 1.785248177683101E13 210522.94 2.6268308E7 0 3446 
50 0.6 0.1 7 1.7851766041756625E13 212216.03 2.6270618E7 0 2893 
50 0.6 0.1 8 1.7830507660550496E13 233357.61 2.8521004E7 0 2918 
50 0.6 0.1 9 1.7830764599530043E13 233961.17 2.8609504E7 0 2845 
50 0.75 0.001 0 1.7829620633795992E13 235074.42 2.8442706E7 0 47191 
50 0.75 0.001 1 1.7851893214326133E13 211916.19 2.6317948E7 0 39308 
50 0.75 0.001 2 1.785159471528609E13 212619.31 2.637944E7 0 40559 
50 0.75 0.001 3 1.7852453767921348E13 210589.45 2.6302012E7 0 31687 
50 0.75 0.001 4 1.7829764236906844E13 234797.25 2.8557136E7 0 21870 
50 0.75 0.001 5 1.7829599754996836E13 235114.69 2.8372378E7 0 28742 
50 0.75 0.001 6 1.785218160155706E13 211234.67 2.6254836E7 0 28009 
50 0.75 0.001 7 1.780153301390413E13 210078.98 2.63013E7 0 27258 
50 0.75 0.001 8 1.7852176124139992E13 211247.64 2.6256008E7 0 25726 
50 0.75 0.001 9 1.7851787077700992E13 212166.47 2.6277338E7 0 31172 
50 0.75 0.001 0 1.783055235226966E13 233270.8 2.8511776E7 0 29898 
50 0.75 0.001 1 1.7829956467215445E13 234425.77 2.8640868E7 0 26786 
50 0.75 0.001 2 1.780172085910702E13 210589.45 2.6302012E7 0 25994 
50 0.75 0.001 3 1.7852260591437945E13 211047.61 2.6287792E7 0 34540 
50 0.75 0.001 4 1.7801783670589918E13 210402.61 2.6335056E7 0 38753 
50 0.75 0.001 5 1.7851525969113613E13 212780.92 2.6378492E7 0 36763 
50 0.75 0.001 6 1.7851513421650934E13 212810.4 2.647316E7 0 28428 
50 0.75 0.001 7 1.78008232778335E13 211916.19 2.6317948E7 0 24957 
50 0.75 0.001 8 -1.0 0.0 0.0 1 188 
50 0.75 0.001 9 1.7792008079524496E13 210740.38 2.6300104E7 0 3772 
50 0.75 0.01 0 1.7851504395047656E13 212831.61 2.6398548E7 0 14630 
50 0.75 0.01 1 1.7851393622549633E13 213091.69 2.64471E7 0 17355 
50 0.75 0.01 2 1.785126680117429E13 213389.05 2.6448918E7 0 2348 
50 0.75 0.01 3 1.7852457898998E13 210579.66 2.6325276E7 0 15797 
50 0.75 0.01 4 1.7851635403622457E13 212523.61 2.6355344E7 0 16436 
50 0.75 0.01 5 1.78527773893499E13 209819.69 2.6203228E7 0 8376 
50 0.75 0.01 6 1.783037551154771E13 233614.1 2.864178E7 0 14624 
50 0.75 0.01 7 -1.0 0.0 0.0 1 1658 
50 0.75 0.01 8 1.7851642382594902E13 212507.19 2.6279914E7 0 14671 
50 0.75 0.01 9 1.779232040796381E13 211387.17 2.6346078E7 0 14115 
50 0.75 0.1 0 1.780131814048114E13 211241.78 2.6345226E7 0 3415 
50 0.75 0.1 1 1.7800738992697312E13 212012.44 2.643615E7 0 2881 
50 0.75 0.1 2 1.785221435754546E13 211157.12 2.626365E7 0 2539 
50 0.75 0.1 3 -1.0 0.0 0.0 1 347 
50 0.75 0.1 4 1.78518801581809E13 211947.0 2.639646E7 0 3939 
50 0.75 0.1 5 1.7799719289090703E13 212453.28 2.6342882E7 0 2460 
50 0.75 0.1 6 1.78518031926222E13 212128.48 2.6337058E7 0 2028 
50 0.75 0.1 7 1.7801246378901516E13 211272.89 2.6323932E7 0 1936 
50 0.75 0.1 8 1.780050594142871E13 212166.47 2.6277338E7 0 2633 
50 0.75 0.1 9 -1.0 0.0 0.0 1 136 
50 0.95 0.001 0 1.7852809731701086E13 209742.6 2.6225794E7 0 8701 
50 0.95 0.001 1 1.782955918192271E13 235192.94 2.8589188E7 0 12212 
50 0.95 0.001 2 1.785159471528609E13 212619.31 2.637944E7 0 7536 
50 0.95 0.001 3 1.7800079938988863E13 211720.53 2.6283068E7 0 11467 
50 0.95 0.001 4 -1.0 0.0 0.0 1 1064 
50 0.95 0.001 5 1.7789419064448195E13 213615.78 2.6469324E7 0 2412 
50 0.95 0.001 6 -1.0 0.0 0.0 1 1065 
50 0.95 0.001 7 -1.0 0.0 0.0 1 1474 
50 0.95 0.001 8 1.7851761293297676E13 212227.22 2.6345576E7 0 8345 
50 0.95 0.001 9 1.7851565228652336E13 212688.64 2.6318824E7 0 5634 
50 0.95 0.001 0 1.7800311822531484E13 211990.61 2.6351582E7 0 5664 
50 0.95 0.001 1 1.780183612604075E13 210237.44 2.6254838E7 0 2786 
50 0.95 0.001 2 1.7852457898998E13 210579.66 2.6325276E7 0 6599 
50 0.95 0.001 3 1.7802140872856094E13 209742.6 2.6225794E7 0 6615 
50 0.95 0.001 4 1.7851374063455348E13 213137.56 2.6454796E7 0 6849 
50 0.95 0.001 5 1.78001891351757E13 212619.31 2.637944E7 0 7325 
50 0.95 0.001 6 1.7852035836399586E13 211579.42 2.636238E7 0 10391 
50 0.95 0.001 7 1.78012160935885E13 211406.86 2.6378148E7 0 10788 
50 0.95 0.001 8 1.785245376874396E13 210589.45 2.6302012E7 0 8776 
50 0.95 0.001 9 1.7852481838507637E13 210522.8 2.6264718E7 0 7064 
50 0.95 0.01 0 -1.0 0.0 0.0 1 2555 
50 0.95 0.01 1 1.785191470220941E13 211865.48 2.629612E7 0 3769 
50 0.95 0.01 2 1.785245376874396E13 210589.45 2.6302012E7 0 6831 
50 0.95 0.01 3 1.7829905288893902E13 234524.72 2.862543E7 0 2020 
50 0.95 0.01 4 1.783055858074245E13 233258.7 2.8548072E7 0 4897 
50 0.95 0.01 5 -1.0 0.0 0.0 1 129 
50 0.95 0.01 6 1.7851653445572727E13 212481.16 2.6440968E7 0 6497 
50 0.95 0.01 7 -1.0 0.0 0.0 1 1514 
50 0.95 0.01 8 1.7851616037823832E13 212569.16 2.6427296E7 0 8108 
50 0.95 0.01 9 1.780028276690271E13 211857.5 2.6317834E7 0 5228 
50 0.95 0.1 0 1.7790725809246824E13 212523.61 2.6355344E7 0 2360 
50 0.95 0.1 1 1.7800079938988863E13 211720.53 2.6283068E7 0 2188 
50 0.95 0.1 2 1.779131383848651E13 211720.61 2.6372512E7 0 1928 
50 0.95 0.1 3 1.7851744806873973E13 212266.06 2.6332162E7 0 2673 
50 0.95 0.1 4 1.7829789828687484E13 234747.83 2.8716074E7 0 2947 
50 0.95 0.1 5 1.7851406517010395E13 213061.42 2.632978E7 0 2539 
50 0.95 0.1 6 1.78527773893499E13 209819.69 2.6203228E7 0 2799 
50 0.95 0.1 7 1.785215217402756E13 211304.31 2.6245614E7 0 2481 
50 0.95 0.1 8 1.7831244660663777E13 233025.4 2.8479058E7 0 2587 
50 0.95 0.1 9 1.77992800344788E13 212930.28 2.631798E7 0 2470 
100 0.6 0.001 0 1.785210481940698E13 211416.34 2.6272964E7 0 25804 
100 0.6 0.001 1 1.7851915903048344E13 211862.66 2.6295858E7 0 32654 
100 0.6 0.001 2 1.785255128709309E13 210357.8 2.625344E7 0 33075 
100 0.6 0.001 3 1.7852260591437945E13 211047.61 2.6287792E7 0 27271 
100 0.6 0.001 4 1.785175918343593E13 212232.19 2.6396972E7 0 32422 
50 0.6 0.001 0 1.780116739927806E13 211485.6 2.6385232E7 0 32315 
50 0.6 0.001 0 1.7851634017227348E13 212526.88 2.6281676E7 0 42175 
50 0.6 0.001 0 1.7851499214611527E13 212843.78 2.6452004E7 0 45189 
50 0.6 0.001 1 1.785197610067315E13 211720.53 2.6283068E7 0 42528 
50 0.6 0.001 1 1.7830719429169656E13 232946.03 2.8226016E7 0 53638 
50 0.6 0.001 1 1.783071101807285E13 232962.39 2.8480956E7 0 42314 
50 0.6 0.001 2 1.7830038422819895E13 234267.22 2.858516E7 0 37723 
50 0.6 0.001 2 1.785179648712354E13 212144.3 2.6490728E7 0 26828 
50 0.6 0.001 2 1.785245376874396E13 210589.45 2.6302012E7 0 39110 
50 0.6 0.001 3 1.7851538579660547E13 212751.28 2.6301868E7 0 36171 
50 0.6 0.001 3 1.779121240511478E13 211416.34 2.6272964E7 0 36175 
50 0.6 0.001 3 1.7801382129821246E13 211012.94 2.623666E7 0 40592 
50 0.6 0.001 4 1.7802303548305418E13 209643.16 2.6216848E7 0 31111 
50 0.6 0.001 4 1.7801149959798496E13 211388.5 2.6346984E7 0 34328 
50 0.6 0.001 4 1.783011354951774E13 234121.81 2.8437884E7 0 47615 
50 0.6 0.001 5 1.785216481837481E13 211274.39 2.6271006E7 0 40095 
50 0.6 0.001 5 1.7851900245363984E13 211899.61 2.6388624E7 0 48051 
50 0.6 0.001 5 1.7851830360025117E13 212064.44 2.631402E7 0 42951 
50 0.6 0.001 6 1.7851919131413008E13 211855.03 2.6360462E7 0 39178 
50 0.6 0.001 6 1.780172690680129E13 210579.66 2.6325276E7 0 29764 
50 0.6 0.001 6 1.7801271182981555E13 211317.75 2.6352056E7 0 31974 
50 0.6 0.001 7 1.7829861393179562E13 234609.56 2.86059E7 0 35513 
50 0.6 0.001 7 1.7852108826317453E13 211406.86 2.6378148E7 0 29398 
50 0.6 0.001 7 1.7851807023282832E13 212119.45 2.6334454E7 0 47273 
50 0.6 0.001 8 1.7851406517010395E13 213061.42 2.632978E7 0 44875 
50 0.6 0.001 8 1.7802140872856094E13 209742.6 2.6225794E7 0 35308 
50 0.6 0.001 9 1.7850808169326277E13 214461.0 2.6523578E7 0 23516 
50 0.6 0.001 9 1.785175918343593E13 212232.19 2.6396972E7 0 34919 
50 0.6 0.001 8 1.7830010288114516E13 234321.66 2.837497E7 0 40600 
50 0.6 0.001 9 1.7802091705377992E13 209822.48 2.6309508E7 0 24524 
50 0.6 0.001 0 1.7851525969113613E13 212780.92 2.6378492E7 0 44729 
50 0.6 0.001 0 1.7801159849130527E13 211111.06 2.6285024E7 0 37708 
50 0.6 0.001 0 1.7852275230014492E13 211012.94 2.623666E7 0 34240 
50 0.6 0.001 1 1.7852281239558914E13 210998.69 2.631012E7 0 27536 
50 0.6 0.001 1 1.780018007488278E13 212215.9 2.6343136E7 0 34200 
50 0.6 0.001 1 1.785131584077126E13 213274.11 2.643858E7 0 33397 
50 0.6 0.001 2 1.785145781535766E13 212941.0 2.6485908E7 0 32816 
50 0.6 0.001 2 1.782940474634028E13 235490.55 2.8660156E7 0 50573 
50 0.6 0.001 2 1.7851616037823832E13 212569.16 2.6427296E7 0 33946 
50 0.6 0.001 3 1.7852453767921348E13 210589.45 2.6302012E7 0 28766 
50 0.6 0.001 3 1.785245376874396E13 210589.45 2.6302012E7 0 31629 
50 0.6 0.001 3 1.7800304677951145E13 212062.42 2.6390352E7 0 25903 
50 0.6 0.001 4 1.785167594834054E13 212428.2 2.6362244E7 0 42078 
50 0.6 0.001 4 1.785245376874396E13 210589.45 2.6302012E7 0 34249 
50 0.6 0.001 4 1.785166403829898E13 212456.23 2.6358804E7 0 28151 
50 0.6 0.001 5 1.7852646772475785E13 210130.7 2.6230854E7 0 31978 
50 0.6 0.001 5 1.7852005979715703E13 211649.97 2.638133E7 0 50364 
50 0.6 0.001 5 1.785159471528609E13 212619.31 2.637944E7 0 54639 
50 0.6 0.001 6 1.785184549402279E13 212028.75 2.63263E7 0 35141 
50 0.6 0.001 6 1.7801297219997758E13 211190.66 2.633202E7 0 34255 
50 0.6 0.001 6 1.7801149959798496E13 211388.5 2.6346984E7 0 37175 
50 0.6 0.001 7 1.785164741538857E13 212495.34 2.6368296E7 0 29052 
50 0.6 0.001 7 1.780116739927806E13 211485.6 2.6385232E7 0 32367 
50 0.6 0.001 8 1.7851744806873973E13 212266.06 2.6332162E7 0 35946 
50 0.6 0.001 7 1.7829674576595535E13 234970.34 2.8646652E7 0 57849 
50 0.6 0.001 8 1.7852390182502125E13 210740.38 2.6300104E7 0 28540 
50 0.6 0.001 9 1.780130794669423E13 211093.23 2.6423868E7 0 28867 
50 0.6 0.01 0 1.7830549507886637E13 234151.81 2.8475192E7 0 17965 
50 0.6 0.001 8 1.780069888278235E13 211766.61 2.630449E7 0 31572 
50 0.6 0.001 9 1.7851766041756625E13 212216.03 2.6270618E7 0 34494 
50 0.6 0.01 1 1.7850967372487523E13 214089.5 2.6503216E7 0 19200 
50 0.6 0.01 0 1.7852108826317453E13 211406.86 2.6378148E7 0 18534 
50 0.6 0.001 9 1.7852593271447227E13 210257.97 2.6317412E7 0 30886 
50 0.6 0.01 2 1.7800280455030402E13 211617.19 2.6363212E7 0 19328 
50 0.6 0.01 1 1.78008232778335E13 211916.19 2.6317948E7 0 18105 
50 0.6 0.01 0 1.785221287860852E13 211160.62 2.6278304E7 0 20122 
50 0.6 0.01 3 1.7851990059909254E13 211687.56 2.6295592E7 0 18936 
50 0.6 0.01 2 1.779230119097395E13 211086.73 2.6241524E7 0 18865 
50 0.6 0.01 1 1.7801402225399297E13 211020.72 2.6316728E7 0 18456 
50 0.6 0.01 4 1.785148511261414E13 212876.9 2.6461296E7 0 17278 
50 0.6 0.01 3 1.7800321102325164E13 211159.39 2.6248064E7 0 20348 
50 0.6 0.01 5 1.783070178292369E13 232980.36 2.8495296E7 0 14799 
50 0.6 0.01 2 1.785169739689021E13 212377.7 2.6367164E7 0 16719 
50 0.6 0.01 4 1.7851900245363984E13 211899.61 2.6388624E7 0 19247 
50 0.6 0.01 6 1.7851990059909254E13 211687.56 2.6295592E7 0 16711 
50 0.6 0.01 3 1.7852593271447227E13 210257.97 2.6317412E7 0 18302 
50 0.6 0.01 7 1.7851897807657727E13 211905.36 2.6392694E7 0 15033 
50 0.6 0.01 5 1.7829716319836504E13 234889.77 2.8559316E7 0 18675 
50 0.6 0.01 4 1.7852020755963668E13 211615.06 2.628907E7 0 19769 
50 0.6 0.01 8 1.785190946335132E13 211877.84 2.632218E7 0 15469 
50 0.6 0.01 6 1.7851453317699188E13 212951.56 2.6411914E7 0 18534 
50 0.6 0.01 5 1.7801708777596367E13 210609.05 2.6303776E7 0 19078 
50 0.6 0.01 9 1.7830587305343465E13 234078.38 2.8468588E7 0 16307 
50 0.6 0.1 0 1.7851775779127746E13 212193.1 2.6341088E7 0 2327 
50 0.6 0.1 1 1.7852453767921348E13 210589.45 2.6302012E7 0 2660 
50 0.6 0.01 7 1.783007961686921E13 234187.5 2.8591704E7 0 16885 
50 0.6 0.1 2 1.7790943378758094E13 212266.06 2.6332162E7 0 1183 
50 0.6 0.1 3 1.785207552766581E13 211485.6 2.6385232E7 0 1591 
50 0.6 0.1 4 1.7801881733773234E13 210163.44 2.6248176E7 0 1933 
50 0.6 0.1 5 1.7851406517010395E13 213061.42 2.632978E7 0 1660 
50 0.6 0.01 6 1.7851810212475496E13 212111.94 2.638358E7 0 20898 
50 0.6 0.1 6 1.7792488069642027E13 211215.02 2.6253068E7 0 1351 
50 0.6 0.1 7 1.785202378547952E13 211607.89 2.6369576E7 0 2373 
50 0.6 0.1 8 1.780108549506926E13 210522.94 2.6268308E7 0 1487 
50 0.6 0.1 9 1.7829487268618438E13 235331.56 2.863036E7 0 1182 
50 0.6 0.01 8 1.78014224853426E13 210257.97 2.6317412E7 0 16233 
50 0.6 0.01 7 1.7851807023282832E13 212119.45 2.6334454E7 0 17095 
50 0.6 0.01 9 1.78527773893499E13 209819.69 2.6203228E7 0 16589 
50 0.6 0.1 0 1.7799975563867637E13 212819.81 2.6317506E7 0 2289 
50 0.6 0.1 1 1.7852189903683535E13 211215.02 2.6253068E7 0 2913 
50 0.6 0.1 2 1.7792980313893082E13 210281.19 2.6252444E7 0 1097 
50 0.6 0.1 3 1.7852279711453715E13 211002.31 2.6311444E7 0 2382 
50 0.75 0.001 0 1.7851650274899805E13 212488.62 2.6290836E7 0 28602 
50 0.6 0.01 8 1.7830436713962188E13 233495.34 2.8582284E7 0 18376 
50 0.6 0.1 4 1.785172393770927E13 212315.22 2.6361608E7 0 2183 
50 0.6 0.1 5 1.785192125738621E13 211850.02 2.63962E7 0 3259 
50 0.6 0.1 6 1.7852323823083723E13 210897.75 2.6329758E7 0 1504 
50 0.6 0.1 7 1.7800830209568906E13 211905.0 2.6242992E7 0 1767 
50 0.6 0.1 8 1.7800057165314285E13 212688.67 2.6305708E7 0 2539 
50 0.6 0.1 9 1.7801049948077883E13 211199.88 2.6282204E7 0 2910 
50 0.6 0.01 9 1.7851807412720055E13 212118.53 2.6416528E7 0 19596 
50 0.75 0.001 1 1.78518979558258E13 211905.0 2.6242992E7 0 23210 
50 0.6 0.1 0 1.7830667729013496E13 233046.58 2.8493376E7 0 3066 
50 0.6 0.1 1 1.785197610067315E13 211720.53 2.6283068E7 0 3706 
50 0.6 0.1 2 1.7852423095530004E13 210662.27 2.6234606E7 0 1900 
50 0.6 0.1 3 1.7851861667214703E13 211990.61 2.6351582E7 0 1750 
50 0.6 0.1 4 1.7851807023282832E13 212119.45 2.6334454E7 0 2375 
50 0.6 0.1 5 1.7799121482007746E13 213411.12 2.641359E7 0 1827 
50 0.6 0.1 6 1.7852279711453715E13 211002.31 2.6311444E7 0 2120 
50 0.75 0.001 0 1.7852457898998E13 210579.66 2.6325276E7 0 25406 
50 0.6 0.1 7 1.7851915335320844E13 211864.0 2.6465504E7 0 3264 
50 0.6 0.1 8 1.7852279711453715E13 211002.31 2.6311444E7 0 2390 
50 0.75 0.001 2 1.7851650274899805E13 212488.62 2.6290836E7 0 25330 
50 0.6 0.1 9 1.7852180735985797E13 211236.72 2.6460926E7 0 2552 
50 0.75 0.001 0 1.7851257376559387E13 213411.12 2.641359E7 0 18610 
50 0.75 0.001 1 1.78511902523847E13 213568.34 2.6478068E7 0 29164 
50 0.75 0.001 3 1.783070178292369E13 232980.36 2.8495296E7 0 22758 
50 0.75 0.001 4 1.7851692673851395E13 212388.83 2.6344628E7 0 28058 
50 0.75 0.001 2 1.7851635403622457E13 212523.61 2.6355344E7 0 30911 
50 0.75 0.001 1 1.7851900245363984E13 211899.61 2.6388624E7 0 38862 
50 0.75 0.001 5 1.785206215846376E13 211517.2 2.6332622E7 0 24794 
50 0.75 0.001 6 1.7851257128968793E13 213411.72 2.6429132E7 0 7434 
50 0.75 0.001 3 1.7851533198389105E13 212763.92 2.6441464E7 0 36626 
50 0.75 0.001 2 1.7851393622549633E13 213091.69 2.64471E7 0 45459 
50 0.75 0.001 7 1.780082623183864E13 211649.97 2.638133E7 0 19804 
50 0.75 0.001 4 1.7800012545684195E13 212456.23 2.6358804E7 0 16442 
50 0.75 0.001 8 1.783006501270218E13 234215.77 2.8408216E7 0 21547 
50 0.75 0.001 3 1.780082623183864E13 211649.97 2.638133E7 0 30309 
50 0.75 0.001 5 1.785245376874396E13 210589.45 2.6302012E7 0 34960 
50 0.75 0.001 9 1.7852191326898375E13 211211.66 2.6252766E7 0 32775 
50 0.75 0.001 4 1.780082623183864E13 211649.97 2.638133E7 0 25886 
50 0.75 0.001 6 1.7800321154498477E13 211705.05 2.6281672E7 0 27582 
50 0.75 0.001 0 1.785176176666262E13 212226.11 2.633552E7 0 18481 
50 0.75 0.001 5 1.7852075404574496E13 211485.89 2.6329808E7 0 28029 
50 0.75 0.001 7 1.780131814048114E13 211241.78 2.6345226E7 0 21719 
50 0.75 0.001 1 1.78521108404406E13 211402.1 2.6346424E7 0 28149 
50 0.75 0.001 8 1.7852108826317453E13 211406.86 2.6378148E7 0 30158 
50 0.75 0.001 6 1.785205206042611E13 211541.08 2.6384868E7 0 42870 
50 0.75 0.001 2 1.7852279711453715E13 211002.31 2.6311444E7 0 30543 
50 0.75 0.001 9 1.7851978001175652E13 211716.05 2.629815E7 0 37736 
50 0.75 0.001 3 1.78511902523847E13 213568.34 2.6478068E7 0 27026 
50 0.75 0.001 7 1.7851990059909254E13 211687.56 2.6295592E7 0 36746 
50 0.75 0.001 4 1.7800997434365316E13 211323.97 2.6264286E7 0 25294 
50 0.75 0.001 0 1.7851569308692848E13 212679.05 2.6511132E7 0 31924 
50 0.75 0.001 8 1.7852457898998E13 210579.66 2.6325276E7 0 25047 
50 0.75 0.001 5 1.7852344136149523E13 210849.6 2.625068E7 0 31486 
50 0.75 0.001 1 1.779869509144969E13 213865.44 2.64763E7 0 29851 
50 0.75 0.001 9 1.7852646772475785E13 210130.7 2.6230854E7 0 32665 
50 0.75 0.001 6 1.780049962106984E13 212119.45 2.6334454E7 0 30413 
50 0.75 0.001 2 1.7829957411504523E13 234423.94 2.8610084E7 0 30182 
50 0.75 0.001 0 1.7851504395047656E13 212831.61 2.6398548E7 0 45232 
50 0.75 0.001 7 1.7798443413583496E13 211002.31 2.6311444E7 0 23382 
50 0.75 0.001 3 1.785221435754546E13 211157.12 2.626365E7 0 23353 
50 0.75 0.001 1 1.78514293965908E13 213007.72 2.6377286E7 0 14895 
50 0.75 0.001 8 1.7852114112984254E13 211394.36 2.6276164E7 0 16752 
50 0.75 0.001 2 1.7851830360025117E13 212064.44 2.631402E7 0 18501 
50 0.75 0.001 4 1.7829716963308555E13 234888.53 2.860598E7 0 33123 
50 0.75 0.001 9 1.7792186350988535E13 211047.61 2.6287792E7 0 19838 
50 0.75 0.01 0 1.7798201867781445E13 211387.17 2.6346078E7 0 6573 
50 0.75 0.001 3 1.7852281239558914E13 210998.69 2.631012E7 0 16504 
50 0.75 0.01 1 1.779479445498301E13 211002.31 2.6311444E7 0 8881 
50 0.75 0.01 2 1.78008232778335E13 211916.19 2.6317948E7 0 11031 
50 0.75 0.001 5 1.7852108826317453E13 211406.86 2.6378148E7 0 32302 
50 0.75 0.001 4 1.7800849375821168E13 211623.44 2.635632E7 0 24642 
50 0.75 0.01 3 1.7852075404574496E13 211485.89 2.6329808E7 0 11975 
50 0.75 0.01 4 1.780063598880455E13 211528.69 2.6339764E7 0 11880 
50 0.75 0.001 6 1.7851744806873973E13 212266.06 2.6332162E7 0 27608 
50 0.75 0.01 5 1.7830540234311457E13 233294.34 2.8511324E7 0 11011 
50 0.75 0.001 5 1.7851453317699188E13 212951.56 2.6411914E7 0 28141 
50 0.75 0.01 6 1.7852108826317453E13 211406.86 2.6378148E7 0 12921 
50 0.75 0.001 7 1.7851659101046383E13 212467.84 2.6350324E7 0 33385 
50 0.75 0.01 7 1.7852101194699484E13 211424.9 2.6271956E7 0 14150 
50 0.75 0.001 6 1.7851635403622457E13 212523.61 2.6355344E7 0 28110 
50 0.75 0.01 8 1.785132069096179E13 213262.73 2.6474724E7 0 11575 
50 0.75 0.01 9 1.785240940471834E13 210694.77 2.6283772E7 0 12012 
50 0.75 0.001 8 1.780016844473921E13 212971.25 2.6465258E7 0 25749 
50 0.75 0.1 0 1.785184549402279E13 212028.75 2.63263E7 0 1903 
50 0.75 0.1 1 1.78012160935885E13 211406.86 2.6378148E7 0 1852 
50 0.75 0.1 2 1.780172085910702E13 210589.45 2.6302012E7 0 1648 
50 0.75 0.1 3 1.7851782330351137E13 212177.66 2.6352296E7 0 1223 
50 0.75 0.1 4 1.785249732867143E13 210486.0 2.6292702E7 0 1540 
50 0.75 0.1 5 1.7852203093746332E13 211183.8 2.6315912E7 0 1762 
50 0.75 0.001 7 1.785173984170137E13 212277.75 2.6281704E7 0 37819 
50 0.75 0.1 6 1.7851170431757527E13 213614.73 2.6423784E7 0 2720 
50 0.75 0.1 7 1.7851692673851395E13 212388.83 2.6344628E7 0 2019 
50 0.75 0.1 8 1.785190946335132E13 211877.84 2.632218E7 0 2713 
50 0.75 0.1 9 1.7852246444353727E13 211081.12 2.637806E7 0 1974 
50 0.75 0.001 9 1.78008232778335E13 211916.19 2.6317948E7 0 25479 
50 0.95 0.001 0 1.7851635403622457E13 212523.61 2.6355344E7 0 3586 
50 0.95 0.001 1 1.7851766096468555E13 212215.9 2.6343136E7 0 6860 
50 0.75 0.01 0 1.780131814048114E13 211241.78 2.6345226E7 0 12200 
50 0.95 0.001 2 1.783047142087116E13 233427.97 2.844939E7 0 5750 
50 0.75 0.001 8 1.785245376874396E13 210589.45 2.6302012E7 0 32500 
50 0.95 0.001 3 1.7852271946889496E13 211020.72 2.6316728E7 0 7936 
50 0.75 0.01 1 1.779134719395608E13 211687.56 2.6295592E7 0 10121 
50 0.95 0.001 4 1.780131814048114E13 211241.78 2.6345226E7 0 6033 
50 0.75 0.01 2 1.7851738001665633E13 212282.1 2.6380382E7 0 11331 
50 0.95 0.001 5 1.7851650274899805E13 212488.62 2.6290836E7 0 8954 
50 0.75 0.01 3 1.780179581115522E13 210081.14 2.6237574E7 0 10964 
50 0.95 0.001 6 1.7851990059909254E13 211687.56 2.6295592E7 0 12423 
50 0.75 0.001 9 1.7851760173294707E13 212229.86 2.6328906E7 0 33596 
50 0.95 0.001 7 1.7851257376559387E13 213411.12 2.641359E7 0 4230 
50 0.75 0.01 4 1.785167594834054E13 212428.2 2.6362244E7 0 12763 
50 0.95 0.001 8 1.7852116859417184E13 211387.86 2.6278152E7 0 11757 
50 0.75 0.01 0 1.78521108404406E13 211402.1 2.6346424E7 0 12955 
50 0.75 0.01 5 1.7792552463171703E13 210383.2 2.6359972E7 0 12189 
50 0.95 0.001 9 1.7798377963670082E13 213701.02 2.6439692E7 0 6314 
50 0.95 0.001 0 1.7852540595176926E13 210383.2 2.6359972E7 0 5107 
50 0.75 0.01 1 1.7830038422819895E13 234267.22 2.858516E7 0 12881 
50 0.75 0.01 6 1.7851738276139324E13 212281.44 2.6499516E7 0 11209 
50 0.95 0.001 1 1.780211789837007E13 209819.69 2.6203228E7 0 6338 
50 0.75 0.01 2 1.78305532018526E13 233269.16 2.8511626E7 0 12158 
50 0.95 0.001 2 1.7801415436289418E13 211084.31 2.6331056E7 0 7190 
50 0.75 0.01 7 1.7800720294909805E13 212080.06 2.6362204E7 0 11042 
50 0.95 0.001 3 1.7852593271447227E13 210257.97 2.6317412E7 0 7719 
50 0.75 0.01 3 1.785197320931791E13 211727.38 2.630059E7 0 11399 
50 0.75 0.01 8 1.7851697481509414E13 212377.5 2.6342188E7 0 11931 
50 0.95 0.001 4 1.7829931778001688E13 234473.5 2.8603364E7 0 8809 
50 0.75 0.01 4 1.7801708777596367E13 210609.05 2.6303776E7 0 12038 
50 0.95 0.001 5 1.785096937453702E13 214084.83 2.6450596E7 0 7876 
50 0.75 0.01 9 1.7852005979715703E13 211649.97 2.638133E7 0 12863 
50 0.75 0.1 0 1.7829941780894473E13 234454.17 2.8590548E7 0 2096 
50 0.75 0.1 1 1.7851659101046383E13 212467.84 2.6350324E7 0 2233 
50 0.95 0.001 6 1.7799863319696418E13 212467.84 2.6350324E7 0 7869 
50 0.75 0.1 2 1.7801085752483195E13 211532.6 2.642126E7 0 2429 
50 0.75 0.1 3 1.7800549146810707E13 212358.31 2.626829E7 0 1789 
50 0.75 0.1 4 1.7851504395047656E13 212831.61 2.6398548E7 0 2004 
50 0.75 0.01 5 1.7800079584252793E13 212377.5 2.6342188E7 0 14775 
50 0.75 0.1 5 1.7800469543793383E13 212446.81 2.6469152E7 0 2556 
50 0.75 0.1 6 1.783036892309562E13 233626.88 2.8451812E7 0 2343 
50 0.75 0.1 7 1.7851810212475496E13 212111.94 2.638358E7 0 2553 
50 0.95 0.001 7 1.7851728244453668E13 212305.06 2.6427898E7 0 15141 
50 0.75 0.1 8 1.785211438218135E13 211393.72 2.6400092E7 0 2153 
50 0.75 0.01 6 1.7851728244453668E13 212305.06 2.6427898E7 0 12069 
50 0.75 0.1 9 1.7800124532149242E13 212072.11 2.640672E7 0 3106 
50 0.95 0.001 8 1.780172690680129E13 210579.66 2.6325276E7 0 9965 
50 0.95 0.001 0 1.7791479386658305E13 211190.66 2.633202E7 0 8954 
50 0.75 0.01 7 1.7802303548305418E13 209643.16 2.6216848E7 0 13223 
50 0.95 0.001 1 1.7852344136149523E13 210849.6 2.625068E7 0 9571 
50 0.95 0.001 9 1.785210481940698E13 211416.34 2.6272964E7 0 15153 
50 0.75 0.01 8 1.78518031926222E13 212128.48 2.6337058E7 0 12888 
50 0.95 0.01 0 1.785159471528609E13 212619.31 2.637944E7 0 5975 
50 0.95 0.001 2 1.78014224853426E13 210257.97 2.6317412E7 0 8681 
50 0.95 0.01 1 1.785159471528609E13 212619.31 2.637944E7 0 4302 
50 0.95 0.001 3 1.7851675551696395E13 212429.12 2.628837E7 0 7174 
50 0.75 0.01 9 1.7851676000617777E13 212428.08 2.6348528E7 0 11777 
50 0.95 0.01 2 1.7851893214326133E13 211916.19 2.6317948E7 0 4362 
50 0.75 0.1 0 1.783138849565341E13 232744.38 2.8453768E7 0 2708 
50 0.95 0.01 3 1.78012160935885E13 211406.86 2.6378148E7 0 4252 
50 0.75 0.1 1 1.785221287860852E13 211160.62 2.6278304E7 0 2554 
50 0.75 0.1 2 1.7830615049921395E13 234024.45 2.8463732E7 0 1512 
50 0.95 0.01 4 1.7799575152782395E13 212930.28 2.631798E7 0 3863 
50 0.75 0.1 3 1.785224407790496E13 211086.73 2.6241524E7 0 2086 
50 0.95 0.001 4 1.785130323006549E13 213303.67 2.6419424E7 0 11508 
50 0.75 0.1 4 1.780070484301128E13 212107.28 2.6411668E7 0 2321 
50 0.95 0.01 5 1.7851728244453668E13 212305.06 2.6427898E7 0 5525 
50 0.75 0.1 5 1.7851893214326133E13 211916.19 2.6317948E7 0 2509 
50 0.75 0.1 6 1.7852279711453715E13 211002.31 2.6311444E7 0 2949 
50 0.95 0.01 6 1.7802303548305418E13 209643.16 2.6216848E7 0 4780 
50 0.75 0.1 7 1.78518979558258E13 211905.0 2.6242992E7 0 3020 
50 0.75 0.1 8 1.7852279711453715E13 211002.31 2.6311444E7 0 2837 
50 0.95 0.01 7 1.785205730169859E13 211528.69 2.6339764E7 0 5626 
50 0.95 0.001 5 1.785182177266209E13 212084.69 2.6563188E7 0 15893 
50 0.75 0.1 9 1.7851818830767406E13 212091.62 2.6408474E7 0 1806 
50 0.95 0.01 8 1.78517446327493E13 212266.47 2.6349476E7 0 4555 
50 0.95 0.001 0 1.785187054471126E13 211969.67 2.6369986E7 0 7405 
50 0.95 0.01 9 1.780172085790252E13 210589.45 2.6302012E7 0 3942 
50 0.95 0.1 0 1.7799727410704324E13 212028.75 2.63263E7 0 1698 
50 0.95 0.1 1 1.7830038422819895E13 234267.22 2.858516E7 0 1460 
50 0.95 0.001 1 1.7800278150412023E13 212091.62 2.6408474E7 0 6046 
50 0.95 0.1 2 1.7800216841591215E13 211899.61 2.6388624E7 0 2123 
50 0.95 0.1 3 1.7852445517531156E13 210609.05 2.6303776E7 0 1612 
50 0.95 0.001 6 1.7851810212475496E13 212111.94 2.638358E7 0 17553 
50 0.95 0.1 4 1.7851861667214703E13 211990.61 2.6351582E7 0 2221 
50 0.95 0.1 5 1.780172690680129E13 210579.66 2.6325276E7 0 1686 
50 0.95 0.1 6 1.7851133564924445E13 213701.02 2.6439692E7 0 2078 
50 0.95 0.001 2 1.785166528730059E13 212453.28 2.6342882E7 0 9058 
50 0.95 0.001 7 1.785197320931791E13 211727.38 2.630059E7 0 7631 
50 0.95 0.1 7 1.7852101194699484E13 211424.9 2.6271956E7 0 1951 
50 0.95 0.1 8 1.7851782330351137E13 212177.66 2.6352296E7 0 2201 
50 0.95 0.1 9 1.780172085910702E13 210589.45 2.6302012E7 0 1728 
50 0.95 0.001 8 1.7800274214657312E13 212064.44 2.631402E7 0 7262 
50 0.95 0.001 3 1.7852453767921348E13 210589.45 2.6302012E7 0 9102 
50 0.95 0.001 9 1.7852260591437945E13 211047.61 2.6287792E7 0 5792 
50 0.95 0.001 4 1.7851026997916832E13 213950.2 2.6483924E7 0 7749 
100 0.6 0.001 0 1.7830379383520387E13 233606.6 2.8543412E7 0 17839 
50 0.95 0.001 0 1.785116403894577E13 213629.7 2.6461832E7 0 12473 
50 0.95 0.001 5 1.783125453986853E13 231903.11 2.8287272E7 0 13725 
50 0.95 0.001 6 1.78015306326546E13 210897.75 2.6329758E7 0 7127 
50 0.95 0.001 1 1.783047190980607E13 233427.02 2.844932E7 0 16331 
100 0.6 0.001 1 1.785184549402279E13 212028.75 2.63263E7 0 22495 
50 0.95 0.001 7 1.782997958977523E13 234381.05 2.8535168E7 0 10331 
50 0.95 0.001 2 1.7851659101046383E13 212467.84 2.6350324E7 0 12575 
50 0.95 0.001 8 1.7850994625541164E13 214025.84 2.6512976E7 0 9921 
50 0.95 0.001 3 1.7852851433552684E13 209643.16 2.6216848E7 0 7475 
50 0.95 0.001 9 1.7851730592218617E13 212299.55 2.6366458E7 0 8895 
100 0.6 0.001 2 1.785214649339262E13 211317.75 2.6352056E7 0 22504 
50 0.95 0.001 4 1.7800311533744133E13 211720.53 2.6283068E7 0 7214 
50 0.95 0.001 0 1.7851462385156137E13 212930.28 2.631798E7 0 5494 
50 0.95 0.001 5 1.785065750961136E13 214811.95 2.6494432E7 0 4062 
100 0.6 0.001 3 1.785167113953508E13 212439.52 2.6364684E7 0 19440 
50 0.95 0.001 6 1.7829905288893902E13 234524.72 2.862543E7 0 12934 
50 0.95 0.001 1 1.7852366863818625E13 210795.69 2.6292852E7 0 15183 
50 0.95 0.001 2 1.77937021567121E13 211855.03 2.6360462E7 0 8413 
50 0.95 0.001 7 1.7851599472518047E13 212608.12 2.6304482E7 0 12918 
50 0.95 0.001 3 1.7851893214326133E13 211916.19 2.6317948E7 0 6316 
100 0.6 0.001 4 1.7852245654445062E13 211083.0 2.630321E7 0 21452 
50 0.95 0.001 4 1.782989343927818E13 234547.62 2.8575304E7 0 6232 
50 0.95 0.001 8 1.7829941780894473E13 234454.17 2.8590548E7 0 8919 
50 0.95 0.001 5 1.7830549507886637E13 234151.81 2.8475192E7 0 9380 
50 0.95 0.001 9 1.785210481940698E13 211416.34 2.6272964E7 0 10280 
50 0.95 0.01 0 1.7801597232512465E13 210662.27 2.6234606E7 0 4950 
50 0.95 0.001 6 1.7800367192552203E13 212389.95 2.6371404E7 0 9180 
50 0.95 0.01 1 1.7852189903683535E13 211215.02 2.6253068E7 0 5120 
100 0.6 0.001 5 1.785159471528609E13 212619.31 2.637944E7 0 23346 
50 0.95 0.01 2 1.7829948316764062E13 234441.53 2.8611666E7 0 5723 
50 0.95 0.001 7 1.7851830360025117E13 212064.44 2.631402E7 0 12673 
50 0.95 0.01 3 1.7852453767921348E13 210589.45 2.6302012E7 0 5622 
50 0.95 0.01 4 1.782988623179797E13 235387.98 2.8599658E7 0 3697 
100 0.6 0.001 6 1.780106465064293E13 210694.77 2.6283772E7 0 19552 
50 0.95 0.01 5 1.7798573938364164E13 213388.52 2.642706E7 0 5477 
50 0.95 0.001 8 1.7852181593305703E13 211234.69 2.6394446E7 0 12878 
50 0.95 0.01 6 1.7852445517531156E13 210609.05 2.6303776E7 0 4889 
50 0.95 0.01 7 1.7799292183921938E13 213674.38 2.6526748E7 0 4371 
50 0.95 0.001 9 1.7852108826317453E13 211406.86 2.6378148E7 0 9678 
50 0.95 0.01 8 1.7852281239558914E13 210998.69 2.631012E7 0 4267 
50 0.95 0.01 0 1.779982950373069E13 212751.28 2.6301868E7 0 6615 
50 0.95 0.01 9 1.785218160155706E13 211234.67 2.6254836E7 0 5690 
100 0.6 0.001 7 1.7851982657980797E13 211705.05 2.6281672E7 0 21981 
50 0.95 0.1 0 1.7851901794038746E13 211895.95 2.631435E7 0 2338 
50 0.95 0.01 1 1.7830436713962188E13 233495.34 2.8582284E7 0 6243 
50 0.95 0.1 1 1.785207552766581E13 211485.6 2.6385232E7 0 2340 
50 0.95 0.1 2 1.7829383834023402E13 235530.83 2.8589828E7 0 2324 
50 0.95 0.01 2 1.7829851252880188E13 234629.16 2.8656602E7 0 2872 
50 0.95 0.1 3 1.782990323892887E13 234528.69 2.8619508E7 0 1507 
50 0.95 0.1 4 1.7802140872856094E13 209742.6 2.6225794E7 0 2453 
50 0.95 0.01 3 1.7852279711453715E13 211002.31 2.6311444E7 0 4775 
50 0.95 0.1 5 1.780080907110824E13 211620.47 2.628955E7 0 1597 
50 0.95 0.1 6 1.7851659101046383E13 212467.84 2.6350324E7 0 1589 
50 0.95 0.01 4 1.7801049948077883E13 211199.88 2.6282204E7 0 4569 
50 0.95 0.1 7 1.785255128709309E13 210357.8 2.625344E7 0 2360 
100 0.6 0.001 8 1.7851915335320844E13 211864.0 2.6465504E7 0 19067 
50 0.95 0.1 8 1.785159471528609E13 212619.31 2.637944E7 0 1526 
50 0.95 0.1 9 1.7792614700934523E13 211159.39 2.6248064E7 0 1569 
50 0.95 0.01 5 1.7851422950382004E13 213022.86 2.6425288E7 0 5089 
50 0.95 0.01 6 1.785159471528609E13 212619.31 2.637944E7 0 4275 
50 0.95 0.01 7 1.7852279711453715E13 211002.31 2.6311444E7 0 5241 
100 0.6 0.001 9 1.7851533198389105E13 212763.92 2.6441464E7 0 15569 
50 0.95 0.01 8 1.7851468316234785E13 212916.34 2.6483696E7 0 5226 
50 0.95 0.01 9 1.78518979558258E13 211905.0 2.6242992E7 0 5063 
50 0.95 0.1 0 1.7851861667214703E13 211990.61 2.6351582E7 0 2721 
100 0.6 0.001 0 1.7851642382594902E13 212507.19 2.6279914E7 0 26133 
50 0.95 0.1 1 1.7800499998066758E13 211687.56 2.6295592E7 0 1623 
50 0.95 0.1 2 1.78516729917231E13 212435.16 2.643704E7 0 2298 
50 0.95 0.1 3 1.785224407790496E13 211086.73 2.6241524E7 0 1604 
100 0.6 0.001 0 1.785214448254946E13 211322.52 2.6262742E7 0 21602 
50 0.95 0.1 4 1.7829622483570008E13 235070.86 2.8606896E7 0 3048 
50 0.95 0.1 5 1.779875388841732E13 212876.9 2.6461296E7 0 2218 
50 0.95 0.1 6 1.78518031926222E13 212128.48 2.6337058E7 0 2308 
50 0.95 0.1 7 1.7851144952141082E13 213674.38 2.6526748E7 0 2559 
50 0.95 0.1 8 1.7800808985179707E13 211677.8 2.630731E7 0 1241 
100 0.6 0.001 1 1.7851978001175652E13 211716.05 2.629815E7 0 19625 
50 0.95 0.1 9 1.782972990696347E13 234863.55 2.8588046E7 0 2344 
100 0.6 0.001 1 1.7852101194699484E13 211424.9 2.6271956E7 0 19434 
100 0.6 0.001 2 1.7852453767921348E13 210589.45 2.6302012E7 0 21782 
100 0.6 0.001 0 1.785181218940334E13 212107.28 2.6411668E7 0 21717 
100 0.6 0.001 2 1.7852189903683535E13 211215.02 2.6253068E7 0 21181 
100 0.6 0.001 3 1.7852266408247918E13 211033.83 2.631072E7 0 21581 
100 0.6 0.001 1 1.7829968741443348E13 234402.03 2.853883E7 0 23167 
100 0.6 0.001 3 1.7852245101999562E13 211084.31 2.6331056E7 0 20562 
100 0.6 0.001 4 1.7852423095530004E13 210662.27 2.6234606E7 0 20906 
100 0.6 0.001 4 1.7851599472518047E13 212608.12 2.6304482E7 0 19430 
100 0.6 0.001 2 1.7852453767921348E13 210589.45 2.6302012E7 0 26531 
100 0.6 0.001 5 1.7851994196817344E13 211677.8 2.630731E7 0 22024 
100 0.6 0.001 5 1.785169221007929E13 212389.92 2.6435534E7 0 19222 
100 0.6 0.001 3 1.78518979558258E13 211905.0 2.6242992E7 0 22399 
100 0.6 0.001 6 1.77984066392831E13 213655.31 2.6503432E7 0 13647 
100 0.6 0.001 6 1.785170351249718E13 212363.31 2.6488672E7 0 22131 
100 0.6 0.001 4 1.785159471528609E13 212619.31 2.637944E7 0 19243 
100 0.6 0.001 7 1.78527773893499E13 209819.69 2.6203228E7 0 19192 
100 0.6 0.001 7 1.78516870528392E13 212402.06 2.6359888E7 0 25339 
100 0.6 0.001 5 1.7852344136149523E13 210849.6 2.625068E7 0 21591 
100 0.6 0.001 8 1.78012160935885E13 211406.86 2.6378148E7 0 18965 
100 0.6 0.001 8 1.78527773893499E13 209819.69 2.6203228E7 0 21886 
100 0.6 0.001 6 1.7851738276139324E13 212281.44 2.6499516E7 0 23813 
100 0.6 0.001 9 1.7851982657980797E13 211705.05 2.6281672E7 0 21126 
100 0.6 0.001 9 1.7851844958979883E13 212030.02 2.6304792E7 0 15641 
100 0.6 0.01 0 1.7851766096468555E13 212215.9 2.6343136E7 0 16870 
100 0.6 0.001 7 1.7830377762661523E13 233609.73 2.8465752E7 0 21561 
100 0.6 0.001 0 1.785255128709309E13 210357.8 2.625344E7 0 24185 
100 0.6 0.01 1 1.7852176124139992E13 211247.64 2.6256008E7 0 16627 
100 0.6 0.001 8 1.7852108826317453E13 211406.86 2.6378148E7 0 20602 
100 0.6 0.01 2 1.7852178596363227E13 211241.78 2.6345226E7 0 12590 
100 0.6 0.001 1 1.78527773893499E13 209819.69 2.6203228E7 0 23306 
100 0.6 0.01 3 1.785215217402756E13 211304.31 2.6245614E7 0 12758 
100 0.6 0.001 9 1.7851893214326133E13 211916.19 2.6317948E7 0 24847 
100 0.6 0.01 4 1.785214448254946E13 211322.52 2.6262742E7 0 13597 
100 0.6 0.001 2 1.78527773893499E13 209819.69 2.6203228E7 0 22953 
100 0.6 0.001 0 1.785172393770927E13 212315.22 2.6361608E7 0 21154 
100 0.6 0.01 5 1.7851782330351137E13 212177.66 2.6352296E7 0 15183 
100 0.6 0.01 6 1.7850843562820133E13 214378.47 2.6595236E7 0 15401 
100 0.6 0.001 3 1.7851893214326133E13 211916.19 2.6317948E7 0 26018 
100 0.6 0.001 1 1.7851830360025117E13 212064.44 2.631402E7 0 24748 
100 0.6 0.01 7 1.780061314741856E13 211234.67 2.6254836E7 0 16902 
100 0.6 0.001 4 1.7852344136149523E13 210849.6 2.625068E7 0 21482 
100 0.6 0.001 2 1.785245376874396E13 210589.45 2.6302012E7 0 20880 
100 0.6 0.01 8 1.7852457898998E13 210579.66 2.6325276E7 0 14505 
100 0.6 0.001 5 1.7851782330351137E13 212177.66 2.6352296E7 0 20675 
100 0.6 0.01 9 1.780103104001272E13 210891.06 2.6375386E7 0 16559 
100 0.6 0.001 3 1.7851675551696395E13 212429.12 2.628837E7 0 25383 
100 0.6 0.1 0 1.785207552766581E13 211485.6 2.6385232E7 0 4173 
100 0.6 0.1 1 1.7851827106930895E13 212072.11 2.640672E7 0 3162 
100 0.6 0.1 2 1.7829789828687484E13 234747.83 2.8716074E7 0 2972 
100 0.6 0.1 3 1.785176566540396E13 212216.92 2.6343236E7 0 4084 
100 0.6 0.1 4 1.785169739689021E13 212377.7 2.6367164E7 0 2577 
100 0.6 0.001 6 1.7851893214326133E13 211916.19 2.6317948E7 0 24556 
100 0.6 0.1 5 1.7851705637764312E13 212358.31 2.626829E7 0 2997 
100 0.6 0.1 6 1.785210458569252E13 211416.89 2.6271236E7 0 3617 
100 0.6 0.001 4 1.78518801581809E13 211947.0 2.639646E7 0 21774 
100 0.6 0.1 7 1.785207552766581E13 211485.6 2.6385232E7 0 4073 
100 0.6 0.1 8 1.7852481838507637E13 210522.8 2.6264718E7 0 3831 
100 0.6 0.1 9 1.7851982657980797E13 211705.05 2.6281672E7 0 3773 
100 0.6 0.001 7 1.785214649339262E13 211317.75 2.6352056E7 0 23792 
100 0.75 0.001 0 1.7830178987278438E13 233995.08 2.8560668E7 0 9899 
100 0.6 0.001 5 1.7830767342927824E13 232852.83 2.8548112E7 0 26631 
100 0.75 0.001 1 1.7851760173294707E13 212229.86 2.6328906E7 0 13840 
100 0.6 0.001 8 1.7851187221499305E13 213575.44 2.6465696E7 0 27160 
100 0.75 0.001 2 1.7851393622549633E13 213091.69 2.64471E7 0 14371 
100 0.6 0.001 6 1.7851782330351137E13 212177.66 2.6352296E7 0 24364 
100 0.75 0.001 3 1.7800997434365316E13 211323.97 2.6264286E7 0 11408 
100 0.6 0.001 9 1.7851462385156137E13 212930.28 2.631798E7 0 24882 
100 0.6 0.001 7 1.785206215846376E13 211517.2 2.6332622E7 0 24333 
100 0.75 0.001 4 1.7852457898998E13 210579.66 2.6325276E7 0 12726 
100 0.6 0.01 0 1.7852018465366734E13 211620.47 2.628955E7 0 16876 
100 0.75 0.001 5 1.7851782330351137E13 212177.66 2.6352296E7 0 13223 
100 0.6 0.001 8 1.7800704887815227E13 211086.73 2.6241524E7 0 21493 
100 0.6 0.01 1 1.7851830360025117E13 212064.44 2.631402E7 0 14066 
100 0.75 0.001 6 1.785215217402756E13 211304.31 2.6245614E7 0 15221 
100 0.6 0.01 2 1.785179648712354E13 212144.3 2.6490728E7 0 14458 
100 0.75 0.001 7 1.7851754826767402E13 212242.45 2.6459422E7 0 15126 
100 0.6 0.001 9 1.785205206042611E13 211541.08 2.6384868E7 0 26696 
100 0.6 0.01 3 1.785196837584883E13 211738.78 2.637851E7 0 15803 
100 0.75 0.001 8 1.7851893214326133E13 211916.19 2.6317948E7 0 16112 
100 0.6 0.01 0 1.7851026997916832E13 213950.2 2.6483924E7 0 15399 
100 0.6 0.01 4 1.785159471528609E13 212619.31 2.637944E7 0 14479 
100 0.75 0.001 9 1.785177592749701E13 212192.75 2.63507E7 0 12837 
100 0.6 0.01 1 1.7851918084545105E13 211857.5 2.6317834E7 0 15087 
100 0.6 0.01 5 1.7852366863818625E13 210795.69 2.6292852E7 0 15742 
100 0.75 0.001 0 1.7851754826767402E13 212242.45 2.6459422E7 0 14227 
100 0.6 0.01 2 1.785167201916316E13 212437.44 2.649886E7 0 16291 
100 0.75 0.001 1 1.78517137269257E13 212339.25 2.6351348E7 0 10937 
100 0.6 0.01 6 1.7851978001175652E13 211716.05 2.629815E7 0 16862 
100 0.6 0.01 3 1.785210481940698E13 211416.34 2.6272964E7 0 14977 
100 0.75 0.001 2 1.7851754208277492E13 212243.9 2.6284932E7 0 12838 
100 0.6 0.01 7 1.7800321102325164E13 211159.39 2.6248064E7 0 15113 
100 0.75 0.001 3 1.785167201916316E13 212437.44 2.649886E7 0 13701 
100 0.6 0.01 4 1.785172784389282E13 212306.02 2.6358196E7 0 16699 
100 0.6 0.01 8 1.7852390182502125E13 210740.38 2.6300104E7 0 17125 
100 0.75 0.001 4 1.7851702148716246E13 212366.52 2.6292208E7 0 12971 
100 0.6 0.01 5 1.7851650274899805E13 212488.62 2.6290836E7 0 17529 
100 0.75 0.001 5 1.785181218940334E13 212107.28 2.6411668E7 0 11025 
100 0.6 0.01 9 1.7852445517531156E13 210609.05 2.6303776E7 0 16503 
100 0.6 0.1 0 1.7829974492390777E13 234390.9 2.861258E7 0 4255 
100 0.6 0.01 6 1.785169739689021E13 212377.7 2.6367164E7 0 14913 
100 0.6 0.1 1 1.782990323892887E13 234528.69 2.8619508E7 0 3940 
100 0.75 0.001 6 1.7852445517531156E13 210609.05 2.6303776E7 0 14507 
100 0.6 0.1 2 1.7829906077955363E13 234523.19 2.862448E7 0 3431 
100 0.6 0.1 3 1.7851305643031305E13 213298.02 2.6418918E7 0 3462 
100 0.6 0.1 4 1.7852191326898375E13 211211.66 2.6252766E7 0 4638 
100 0.6 0.01 7 1.7851770844674297E13 212204.72 2.6268178E7 0 15958 
100 0.6 0.1 5 1.7830092540622543E13 234162.48 2.857574E7 0 4173 
100 0.75 0.001 7 1.7829833487060004E13 234663.48 2.8573176E7 0 15043 
100 0.6 0.1 6 1.7852108826317453E13 211406.86 2.6378148E7 0 2871 
100 0.6 0.1 7 1.7852114112984254E13 211394.36 2.6276164E7 0 3370 
100 0.6 0.1 8 1.7851642382594902E13 212507.19 2.6279914E7 0 2986 
100 0.6 0.01 8 1.785184549402279E13 212028.75 2.63263E7 0 15203 
100 0.6 0.1 9 1.785181218940334E13 212107.28 2.6411668E7 0 4059 
100 0.75 0.001 8 1.7851627454391703E13 212542.31 2.6397668E7 0 14951 
100 0.75 0.001 0 1.7800625337097133E13 211215.02 2.6253068E7 0 13931 
100 0.6 0.01 9 1.7851782330351137E13 212177.66 2.6352296E7 0 16755 
100 0.75 0.001 9 1.7851775779127746E13 212193.1 2.6341088E7 0 14362 
100 0.6 0.1 0 1.7830377762661523E13 233609.73 2.8465752E7 0 4998 
100 0.6 0.1 1 1.7851918084545105E13 211857.5 2.6317834E7 0 4428 
100 0.75 0.01 0 1.7852260591437945E13 211047.61 2.6287792E7 0 12727 
100 0.6 0.1 2 1.785159471528609E13 212619.31 2.637944E7 0 4310 
100 0.75 0.001 1 1.785215217402756E13 211304.31 2.6245614E7 0 16523 
100 0.6 0.1 3 1.782978751100515E13 234752.31 2.8570356E7 0 3358 
100 0.6 0.1 4 1.7830404931079625E13 233557.02 2.8550132E7 0 4331 
100 0.75 0.01 1 1.7852583507053418E13 210281.19 2.6252444E7 0 12030 
100 0.6 0.1 5 1.78518801581809E13 211947.0 2.639646E7 0 4183 
100 0.75 0.001 2 1.7851599472518047E13 212608.12 2.6304482E7 0 16042 
100 0.6 0.1 6 1.785245376874396E13 210589.45 2.6302012E7 0 4801 
100 0.6 0.1 7 1.780172085910702E13 210589.45 2.6302012E7 0 3988 
100 0.75 0.01 2 1.7800997434365316E13 211323.97 2.6264286E7 0 10680 
100 0.6 0.1 8 1.785245376874396E13 210589.45 2.6302012E7 0 4333 
100 0.6 0.1 9 1.7851525969113613E13 212780.92 2.6378492E7 0 3583 
100 0.75 0.001 3 1.7852390182502125E13 210740.38 2.6300104E7 0 14620 
100 0.75 0.01 3 1.7852245101999562E13 211084.31 2.6331056E7 0 11872 
100 0.75 0.001 0 1.7801881733773234E13 210163.44 2.6248176E7 0 11717 
100 0.75 0.01 4 1.780061314741856E13 211234.67 2.6254836E7 0 9654 
100 0.75 0.001 4 1.78527773893499E13 209819.69 2.6203228E7 0 15242 
100 0.75 0.01 5 1.7852178596363227E13 211241.78 2.6345226E7 0 11097 
100 0.75 0.001 1 1.7852445517531156E13 210609.05 2.6303776E7 0 14819 
100 0.75 0.001 5 1.785194632087388E13 211790.86 2.6298926E7 0 13300 
100 0.75 0.01 6 1.7851897807657727E13 211905.36 2.6392694E7 0 10226 
100 0.75 0.001 2 1.7852809731701086E13 209742.6 2.6225794E7 0 13331 
100 0.75 0.001 6 1.7830540234311457E13 233294.34 2.8511324E7 0 12073 
100 0.75 0.01 7 1.785176566540396E13 212216.92 2.6343236E7 0 9760 
100 0.75 0.01 8 1.78517446327493E13 212266.47 2.6349476E7 0 9860 
100 0.75 0.001 3 1.785210481940698E13 211416.34 2.6272964E7 0 15699 
100 0.75 0.001 7 1.7851422950382004E13 213022.86 2.6425288E7 0 15289 
100 0.75 0.01 9 1.7852279711453715E13 211002.31 2.6311444E7 0 10352 
100 0.75 0.1 0 1.7851775779127746E13 212193.1 2.6341088E7 0 3022 
100 0.75 0.001 4 1.7851721252213574E13 212321.53 2.6278692E7 0 15688 
100 0.75 0.1 1 1.785194842717539E13 211785.88 2.641576E7 0 3254 
100 0.75 0.001 8 1.7851393622549633E13 213091.69 2.64471E7 0 15927 
100 0.75 0.1 2 1.785266760168776E13 210081.14 2.6237574E7 0 2862 
100 0.75 0.1 3 1.780070484301128E13 212107.28 2.6411668E7 0 3219 
100 0.75 0.1 4 1.780172085790252E13 210589.45 2.6302012E7 0 2773 
100 0.75 0.1 5 1.783149540350499E13 232535.3 2.843495E7 0 4093 
100 0.75 0.001 5 1.785194391337521E13 211796.53 2.6381924E7 0 15808 
100 0.75 0.001 9 1.785158234514537E13 212648.4 2.6483726E7 0 15566 
100 0.75 0.1 6 1.78521108404406E13 211402.1 2.6346424E7 0 2926 
100 0.75 0.1 7 1.7851830360025117E13 212064.44 2.631402E7 0 2491 
100 0.75 0.1 8 1.785249732867143E13 210486.0 2.6292702E7 0 2767 
100 0.75 0.1 9 1.7851422950382004E13 213022.86 2.6425288E7 0 4154 
100 0.75 0.001 6 1.7851599472518047E13 212608.12 2.6304482E7 0 14839 
100 0.75 0.001 0 1.785248177683101E13 210522.94 2.6268308E7 0 16758 
100 0.95 0.001 0 1.7851775779127746E13 212193.1 2.6341088E7 0 4556 
100 0.95 0.001 1 1.785211658775034E13 211388.5 2.6346984E7 0 5746 
100 0.75 0.001 7 1.780116739927806E13 211485.6 2.6385232E7 0 12934 
100 0.95 0.001 2 1.7851675551696395E13 212429.12 2.628837E7 0 5265 
100 0.75 0.001 1 1.785245376874396E13 210589.45 2.6302012E7 0 15063 
100 0.95 0.001 3 1.7851761293297676E13 212227.22 2.6345576E7 0 4635 
100 0.95 0.001 4 1.7852279711453715E13 211002.31 2.6311444E7 0 6844 
100 0.75 0.001 8 1.785181218940334E13 212107.28 2.6411668E7 0 13982 
100 0.75 0.001 2 1.7852180735985797E13 211236.72 2.6460926E7 0 11635 
100 0.95 0.001 5 1.7851775779127746E13 212193.1 2.6341088E7 0 6324 
100 0.95 0.001 6 1.7852260591437945E13 211047.61 2.6287792E7 0 5927 
100 0.75 0.001 9 1.7851063265318645E13 213865.44 2.64763E7 0 14981 
100 0.95 0.001 7 1.785164741538857E13 212495.34 2.6368296E7 0 5127 
100 0.75 0.001 3 1.7852075404574496E13 211485.89 2.6329808E7 0 14912 
100 0.95 0.001 8 1.7851756976525703E13 212237.39 2.6483988E7 0 5506 
100 0.95 0.001 9 1.7852019852462023E13 211617.19 2.6363212E7 0 5088 
100 0.75 0.001 4 1.785194842717539E13 211785.88 2.641576E7 0 13296 
100 0.75 0.001 0 1.7851915335320844E13 211864.0 2.6465504E7 0 16428 
100 0.95 0.001 0 1.7851594522599633E13 212619.77 2.6302636E7 0 5674 
100 0.95 0.001 1 1.785266760168776E13 210081.14 2.6237574E7 0 4658 
100 0.75 0.001 1 1.7852593271447227E13 210257.97 2.6317412E7 0 12674 
100 0.95 0.001 2 1.7851353617432473E13 213185.53 2.6491636E7 0 4700 
100 0.75 0.001 5 1.7851599472518047E13 212608.12 2.6304482E7 0 18668 
100 0.95 0.001 3 1.7852035836399586E13 211579.42 2.636238E7 0 6171 
100 0.95 0.001 4 1.7851915903048344E13 211862.66 2.6295858E7 0 5882 
100 0.75 0.001 2 1.785204014640004E13 211569.23 2.6365846E7 0 16920 
100 0.95 0.001 5 1.7851810212475496E13 212111.94 2.638358E7 0 6484 
100 0.75 0.001 6 1.7851654462322535E13 212478.77 2.6368584E7 0 16058 
100 0.95 0.001 6 1.785159471528609E13 212619.31 2.637944E7 0 5761 
100 0.95 0.001 7 1.7829948316764062E13 234441.53 2.8611666E7 0 4773 
100 0.75 0.001 3 1.7851893214326133E13 211916.19 2.6317948E7 0 16436 
100 0.95 0.001 8 1.785210481940698E13 211416.34 2.6272964E7 0 6549 
100 0.75 0.001 7 1.785175918343593E13 212232.19 2.6396972E7 0 17490 
100 0.95 0.001 9 1.780116739927806E13 211485.6 2.6385232E7 0 6522 
100 0.75 0.001 4 1.782979337187306E13 234740.98 2.8641514E7 0 14797 
100 0.95 0.01 0 1.7829957411504523E13 234423.94 2.8610084E7 0 3686 
100 0.95 0.01 1 1.78522133982601E13 211159.39 2.6248064E7 0 4850 
100 0.75 0.001 8 1.7851599472518047E13 212608.12 2.6304482E7 0 17902 
100 0.95 0.01 2 1.782972990696347E13 234863.55 2.8588046E7 0 4518 
100 0.95 0.01 3 1.785199841290994E13 211667.84 2.6355846E7 0 4878 
100 0.75 0.001 5 1.7851444934839418E13 212971.25 2.6465258E7 0 16356 
100 0.95 0.01 4 1.7851590239372668E13 212629.84 2.630644E7 0 4371 
100 0.75 0.001 9 1.785256812890434E13 210317.75 2.632742E7 0 12173 
100 0.95 0.01 5 1.7852606796735168E13 210225.81 2.6192756E7 0 5433 
100 0.75 0.001 6 1.7852019852462023E13 211617.19 2.6363212E7 0 11752 
100 0.95 0.01 6 1.785159471528609E13 212619.31 2.637944E7 0 5578 
100 0.75 0.01 0 1.7830804776130082E13 232779.98 2.8472232E7 0 11203 
100 0.95 0.01 7 1.785214649339262E13 211317.75 2.6352056E7 0 4301 
100 0.95 0.01 8 1.7852453767921348E13 210589.45 2.6302012E7 0 4775 
100 0.75 0.001 7 1.7851867891739152E13 211975.94 2.6449644E7 0 16774 
100 0.75 0.01 1 1.78527773893499E13 209819.69 2.6203228E7 0 12433 
100 0.95 0.01 9 1.7851807023282832E13 212119.45 2.6334454E7 0 5528 
100 0.95 0.1 0 1.7852281239558914E13 210998.69 2.631012E7 0 4395 
100 0.75 0.01 2 1.7851187221499305E13 213575.44 2.6465696E7 0 11192 
100 0.95 0.1 1 1.7829716319836504E13 234889.77 2.8559316E7 0 4471 
100 0.95 0.1 2 1.785176566540396E13 212216.92 2.6343236E7 0 3608 
100 0.75 0.001 8 1.785214649339262E13 211317.75 2.6352056E7 0 16592 
100 0.95 0.1 3 1.7830349157792965E13 233665.22 2.8547272E7 0 2394 
100 0.95 0.1 4 1.785113433040494E13 213699.22 2.6431384E7 0 3213 
100 0.75 0.01 3 1.7852233809922793E13 211111.06 2.6285024E7 0 11305 
100 0.95 0.1 5 1.7852019852462023E13 211617.19 2.6363212E7 0 2764 
100 0.95 0.1 6 1.78517049534039E13 212359.92 2.6356106E7 0 3704 
100 0.75 0.001 9 1.7851893214326133E13 211916.19 2.6317948E7 0 14690 
100 0.95 0.1 7 1.7830549507886637E13 234151.81 2.8475192E7 0 2557 
100 0.75 0.01 4 1.785126680117429E13 213389.05 2.6448918E7 0 10432 
100 0.95 0.1 8 1.7852019852462023E13 211617.19 2.6363212E7 0 3357 
100 0.95 0.1 9 1.7852390182502125E13 210740.38 2.6300104E7 0 3329 
100 0.75 0.01 5 1.7852136188581215E13 211342.14 2.6338464E7 0 11219 
100 0.75 0.01 0 1.7851982657980797E13 211705.05 2.6281672E7 0 14254 
150 0.6 0.001 0 1.783037551154771E13 233614.1 2.864178E7 0 16647 
100 0.75 0.01 6 1.7851599472518047E13 212608.12 2.6304482E7 0 11342 
100 0.75 0.01 1 1.785215217402756E13 211304.31 2.6245614E7 0 11565 
100 0.75 0.01 7 1.7851744806873973E13 212266.06 2.6332162E7 0 11453 
100 0.75 0.01 2 1.7852279711453715E13 211002.31 2.6311444E7 0 11860 
150 0.6 0.001 1 1.785166403829898E13 212456.23 2.6358804E7 0 18103 
100 0.75 0.01 8 1.7852020755963668E13 211615.06 2.628907E7 0 12579 
100 0.75 0.01 3 1.785131584077126E13 213274.11 2.643858E7 0 12173 
150 0.6 0.001 2 1.7852279711453715E13 211002.31 2.6311444E7 0 17787 
100 0.75 0.01 9 1.7852117152552215E13 211387.17 2.6346078E7 0 10893 
100 0.75 0.01 4 1.783067693540245E13 233028.67 2.8527358E7 0 12664 
100 0.75 0.1 0 1.7851735075276348E13 212288.98 2.6362942E7 0 5570 
100 0.75 0.1 1 1.7852191326898375E13 211211.66 2.6252766E7 0 3434 
100 0.75 0.1 2 1.785202378547952E13 211607.89 2.6369576E7 0 3299 
100 0.75 0.01 5 1.785245376874396E13 210589.45 2.6302012E7 0 10857 
100 0.75 0.1 3 1.785214387086775E13 211323.97 2.6264286E7 0 4176 
150 0.6 0.001 3 1.7851901794038746E13 211895.95 2.631435E7 0 18623 
100 0.75 0.1 4 1.78519231176749E13 211845.62 2.6338532E7 0 4302 
100 0.75 0.01 6 1.785215586187202E13 211295.6 2.6417994E7 0 10229 
100 0.75 0.1 5 1.7851656187866004E13 212474.7 2.64499E7 0 3066 
100 0.75 0.1 6 1.785245376874396E13 210589.45 2.6302012E7 0 3705 
100 0.75 0.1 7 1.783036730915694E13 233630.02 2.85944E7 0 4008 
150 0.6 0.001 4 1.785248177683101E13 210522.94 2.6268308E7 0 17713 
100 0.75 0.01 7 1.785174938208642E13 212255.28 2.6274518E7 0 13146 
100 0.75 0.1 8 1.785232664379651E13 210891.06 2.6375386E7 0 4822 
100 0.75 0.1 9 1.7851525969113613E13 212780.92 2.6378492E7 0 3950 
100 0.75 0.01 8 1.7851442248533395E13 212977.56 2.6440394E7 0 10017 
100 0.95 0.001 0 1.7801835971958273E13 210317.75 2.632742E7 0 7072 
150 0.6 0.001 5 1.7851580555060066E13 212652.61 2.6382436E7 0 18262 
100 0.75 0.01 9 1.78521108404406E13 211402.1 2.6346424E7 0 9401 
100 0.95 0.001 1 1.7852019852462023E13 211617.19 2.6363212E7 0 7416 
100 0.75 0.1 0 1.7851775779127746E13 212193.1 2.6341088E7 0 3510 
100 0.95 0.001 2 1.7852279711453715E13 211002.31 2.6311444E7 0 6124 
100 0.75 0.1 1 1.7851867891739152E13 211975.94 2.6449644E7 0 3468 
100 0.75 0.1 2 1.7852203093746332E13 211183.8 2.6315912E7 0 4788 
100 0.95 0.001 3 1.7851857263333062E13 212001.0 2.6323802E7 0 6392 
150 0.6 0.001 6 1.7830540234311457E13 233294.34 2.8511324E7 0 17115 
100 0.75 0.1 3 1.7851787077700992E13 212166.47 2.6277338E7 0 4378 
100 0.95 0.001 4 1.7829931778001688E13 234473.5 2.8603364E7 0 6718 
100 0.75 0.1 4 1.78517446327493E13 212266.47 2.6349476E7 0 5031 
100 0.75 0.1 5 1.785148511261414E13 212876.9 2.6461296E7 0 3608 
100 0.95 0.001 5 1.7852108826317453E13 211406.86 2.6378148E7 0 6991 
100 0.75 0.1 6 1.7851680149508234E13 212418.31 2.6439296E7 0 3107 
150 0.6 0.001 7 1.785245376874396E13 210589.45 2.6302012E7 0 18655 
100 0.95 0.001 6 1.7851627454391703E13 212542.31 2.6397668E7 0 5176 
100 0.75 0.1 7 1.785214387086775E13 211323.97 2.6264286E7 0 5269 
100 0.75 0.1 8 1.785210481940698E13 211416.34 2.6272964E7 0 3783 
100 0.95 0.001 7 1.7851594522599633E13 212619.77 2.6302636E7 0 6476 
100 0.75 0.1 9 1.7852344136149523E13 210849.6 2.625068E7 0 3933 
100 0.95 0.001 8 1.7852114112984254E13 211394.36 2.6276164E7 0 5499 
100 0.95 0.001 9 1.7829383834023402E13 235530.83 2.8589828E7 0 5025 
100 0.95 0.001 0 1.785161098252201E13 212581.06 2.6376E7 0 7171 
150 0.6 0.001 8 1.7852075404574496E13 211485.89 2.6329808E7 0 18356 
100 0.95 0.001 0 1.7830468275950457E13 233434.08 2.8449952E7 0 4734 
100 0.95 0.001 1 1.785204713700268E13 211552.72 2.6312168E7 0 6265 
100 0.95 0.001 1 1.7852108826317453E13 211406.86 2.6378148E7 0 6773 
100 0.95 0.001 2 1.7852083199472664E13 211467.47 2.6275794E7 0 5537 
100 0.95 0.001 3 1.785159471528609E13 212619.31 2.637944E7 0 5214 
150 0.6 0.001 9 1.7852108826317453E13 211406.86 2.6378148E7 0 17520 
100 0.95 0.001 2 1.78517494724607E13 212255.06 2.639646E7 0 6774 
100 0.95 0.001 4 1.780172690680129E13 210579.66 2.6325276E7 0 5613 
100 0.95 0.001 3 1.7830455181373344E13 233459.5 2.8526192E7 0 6715 
100 0.95 0.001 5 1.7851901794038746E13 211895.95 2.631435E7 0 6748 
150 0.6 0.001 0 1.7801149959798496E13 211388.5 2.6346984E7 0 15137 
100 0.95 0.001 4 1.785168122735876E13 212415.77 2.6361132E7 0 7218 
100 0.95 0.001 6 1.785177592749701E13 212192.75 2.63507E7 0 6035 
100 0.95 0.001 5 1.7851761293297676E13 212227.22 2.6345576E7 0 5806 
100 0.95 0.001 7 1.7851499214611527E13 212843.78 2.6452004E7 0 5904 
100 0.95 0.001 6 1.7851768785601848E13 212209.56 2.6403592E7 0 4685 
100 0.95 0.001 8 1.7852260591437945E13 211047.61 2.6287792E7 0 5596 
150 0.6 0.001 1 1.7851525969113613E13 212780.92 2.6378492E7 0 18392 
100 0.95 0.001 7 1.780040429112045E13 211855.03 2.6360462E7 0 6876 
100 0.95 0.001 9 1.78517613214841E13 212227.16 2.6256492E7 0 5621 
100 0.95 0.001 8 1.78522133982601E13 211159.39 2.6248064E7 0 5246 
100 0.95 0.001 0 1.78303654716795E13 233633.58 2.8544424E7 0 4068 
100 0.95 0.001 9 1.7851782330351137E13 212177.66 2.6352296E7 0 7059 
100 0.95 0.001 1 1.785215217402756E13 211304.31 2.6245614E7 0 6388 
100 0.95 0.001 2 1.7852293105796082E13 210970.56 2.6262352E7 0 4770 
100 0.95 0.01 0 1.785245376874396E13 210589.45 2.6302012E7 0 6355 
150 0.6 0.001 2 1.785245376874396E13 210589.45 2.6302012E7 0 20739 
100 0.95 0.001 3 1.7851782330351137E13 212177.66 2.6352296E7 0 5804 
100 0.95 0.01 1 1.7852344136149523E13 210849.6 2.625068E7 0 6690 
100 0.95 0.001 4 1.7851882831488195E13 211940.69 2.639975E7 0 5904 
100 0.95 0.01 2 1.7851807023282832E13 212119.45 2.6334454E7 0 5429 
100 0.95 0.001 5 1.7801483013474562E13 210849.6 2.625068E7 0 7417 
100 0.95 0.01 3 1.7851761293297676E13 212227.22 2.6345576E7 0 7580 
100 0.95 0.001 6 1.7851444934839418E13 212971.25 2.6465258E7 0 5351 
100 0.95 0.01 4 1.785245376874396E13 210589.45 2.6302012E7 0 5377 
100 0.95 0.001 7 1.7801415436289418E13 211084.31 2.6331056E7 0 5277 
100 0.95 0.01 5 1.785245376874396E13 210589.45 2.6302012E7 0 5753 
100 0.95 0.001 8 1.785176566540396E13 212216.92 2.6343236E7 0 6334 
100 0.95 0.01 6 1.785224407790496E13 211086.73 2.6241524E7 0 6178 
100 0.95 0.01 7 1.7852266408247918E13 211033.83 2.631072E7 0 5496 
100 0.95 0.001 9 1.785245376874396E13 210589.45 2.6302012E7 0 6656 
100 0.95 0.01 8 1.7851994196817344E13 211677.8 2.630731E7 0 5571 
100 0.95 0.01 0 1.7852245101999562E13 211084.31 2.6331056E7 0 5980 
100 0.95 0.01 9 1.785207552766581E13 211485.6 2.6385232E7 0 4181 
100 0.95 0.1 0 1.785206215846376E13 211517.2 2.6332622E7 0 2571 
100 0.95 0.01 1 1.7830272040991777E13 233814.75 2.8560724E7 0 6304 
100 0.95 0.1 1 1.7851562401344684E13 212695.28 2.6312328E7 0 3384 
100 0.95 0.01 2 1.7852323823083723E13 210897.75 2.6329758E7 0 4839 
100 0.95 0.1 2 1.7851824695406707E13 212077.8 2.6317004E7 0 4265 
100 0.95 0.01 3 1.7851766096468555E13 212215.9 2.6343136E7 0 5872 
100 0.95 0.1 3 1.7852109118653027E13 211406.17 2.6448456E7 0 3645 
100 0.95 0.1 4 1.7852266407423566E13 211033.84 2.631072E7 0 2929 
100 0.95 0.01 4 1.7852275230014492E13 211012.94 2.623666E7 0 5506 
100 0.95 0.1 5 1.782984482547531E13 234641.58 2.8626536E7 0 3015 
100 0.95 0.1 6 1.78012160935885E13 211406.86 2.6378148E7 0 2452 
100 0.95 0.01 5 1.785168605553965E13 212404.4 2.6360106E7 0 4830 
100 0.95 0.1 7 1.7801769367736797E13 210383.2 2.6359972E7 0 3390 
100 0.95 0.01 6 1.7852361190269117E13 210809.16 2.6367012E7 0 4875 
100 0.95 0.1 8 1.7829976298914758E13 234387.4 2.856089E7 0 3454 
100 0.95 0.01 7 1.7851770844674297E13 212204.72 2.6268178E7 0 4686 
100 0.95 0.1 9 1.7851279256074668E13 213359.86 2.6400844E7 0 3763 
100 0.95 0.01 8 1.7829540039124387E13 235229.84 2.8621204E7 0 5302 
100 0.95 0.01 9 1.7851627454391703E13 212542.31 2.6397668E7 0 4587 
100 0.95 0.1 0 1.7851634017227348E13 212526.88 2.6281676E7 0 4360 
100 0.95 0.1 1 1.7851782330351137E13 212177.66 2.6352296E7 0 3136 
150 0.6 0.001 0 1.7852020755963668E13 211615.06 2.628907E7 0 18371 
100 0.95 0.1 2 1.7801483013474562E13 210849.6 2.625068E7 0 3128 
100 0.95 0.1 3 1.7852020755963668E13 211615.06 2.628907E7 0 3107 
100 0.95 0.1 4 1.783067693540245E13 233028.67 2.8527358E7 0 3486 
100 0.95 0.1 5 1.7852180735985797E13 211236.72 2.6460926E7 0 3275 
100 0.95 0.1 6 1.7829744571018062E13 234835.23 2.8649992E7 0 2840 
100 0.95 0.1 7 1.7851462385156137E13 212930.28 2.631798E7 0 3810 
150 0.6 0.001 1 1.785170521553529E13 212359.3 2.6469936E7 0 21882 
100 0.95 0.1 8 1.780172690680129E13 210579.66 2.6325276E7 0 3867 
100 0.95 0.1 9 1.785164741538857E13 212495.34 2.6368296E7 0 2860 
150 0.6 0.001 2 1.7851612522060758E13 212577.44 2.6288016E7 0 19868 
150 0.6 0.001 0 1.78521108404406E13 211402.1 2.6346424E7 0 17168 
150 0.6 0.001 3 1.7851994196817344E13 211677.8 2.630731E7 0 21178 
150 0.6 0.001 1 1.785169221007929E13 212389.92 2.6435534E7 0 19303 
150 0.6 0.001 4 1.7852108826317453E13 211406.86 2.6378148E7 0 18500 
150 0.6 0.001 2 1.7852279711453715E13 211002.31 2.6311444E7 0 21447 
150 0.6 0.001 5 1.785245376874396E13 210589.45 2.6302012E7 0 19016 
150 0.6 0.001 3 1.7830850162079016E13 232691.62 2.8187644E7 0 22016 
150 0.6 0.001 6 1.780179581115522E13 210081.14 2.6237574E7 0 19145 
150 0.6 0.001 4 1.7852633016872246E13 210163.44 2.6248176E7 0 21145 
150 0.6 0.001 7 1.7852178596363227E13 211241.78 2.6345226E7 0 17628 
150 0.6 0.001 5 1.7852275230014492E13 211012.94 2.623666E7 0 22256 
150 0.6 0.001 8 1.7851499601221465E13 212842.88 2.6477076E7 0 19229 
150 0.6 0.001 6 1.7852245101999562E13 211084.31 2.6331056E7 0 20077 
150 0.6 0.001 9 1.7851915335320844E13 211864.0 2.6465504E7 0 21274 
150 0.6 0.001 7 1.7852633016872246E13 210163.44 2.6248176E7 0 19351 
150 0.6 0.001 0 1.7852281239558914E13 210998.69 2.631012E7 0 23709 
150 0.6 0.001 8 1.7852178596363227E13 211241.78 2.6345226E7 0 19096 
150 0.6 0.001 1 1.7852457898998E13 210579.66 2.6325276E7 0 21184 
150 0.6 0.001 9 1.78008232778335E13 211916.19 2.6317948E7 0 19703 
150 0.6 0.001 2 1.78521108404406E13 211402.1 2.6346424E7 0 19801 
150 0.6 0.001 0 1.7852279711453715E13 211002.31 2.6311444E7 0 20723 
150 0.6 0.001 1 1.7852233809922793E13 211111.06 2.6285024E7 0 20184 
150 0.6 0.001 2 1.7851994196817344E13 211677.8 2.630731E7 0 22187 
