población | p.cruzamiento | p.mutacion | ejecucion | fitness | distancia | tiempo | desborde | t.computo

150 0.6 8.3333335E-4 5 1.2472956990174783E12 193774.78 2.6315004E7 0 27648 
150 0.6 8.3333335E-4 0 1.2360164697083494E12 215799.0 2.8158776E7 0 26964 
150 0.6 8.3333335E-4 6 1.2526688186449666E12 199110.95 2.6761544E7 0 24315 
150 0.6 8.3333335E-4 7 1.2341349491109292E12 214530.45 2.8155516E7 0 24430 
150 0.6 8.3333335E-4 1 1.242366197076E12 198586.25 2.6681036E7 0 31181 
150 0.6 8.3333335E-4 8 1.2384506348074458E12 212103.52 2.7860488E7 0 27273 
150 0.6 8.3333335E-4 2 1.2330186958875923E12 216781.77 2.8378942E7 0 31966 
150 0.6 8.3333335E-4 9 1.236595882659395E12 214208.83 2.8076712E7 0 29638 
150 0.6 8.3333335E-4 3 1.2349618375790872E12 213665.8 2.827822E7 0 24425 
150 0.6 8.3333335E-4 10 1.2326750725077188E12 218776.5 2.8409114E7 0 24892 
150 0.6 8.3333335E-4 4 1.2533570437604517E12 198365.12 2.6584468E7 0 24600 
150 0.6 8.3333335E-4 11 1.2329264675974102E12 217709.83 2.8241764E7 0 25489 
150 0.6 8.3333335E-4 5 1.2340724414061965E12 214733.58 2.8028874E7 0 25612 
150 0.6 8.3333335E-4 6 1.2318093714867695E12 219360.0 2.8369608E7 0 18235 
150 0.6 8.3333335E-4 12 1.2418462432423335E12 199685.88 2.683032E7 0 27485 
150 0.6 8.3333335E-4 7 1.2359594905725754E12 215319.11 2.8179032E7 0 27330 
150 0.6 8.3333335E-4 13 1.2430191647118674E12 198979.28 2.6672948E7 0 33367 
150 0.6 8.3333335E-4 8 1.252976408814914E12 198581.28 2.663766E7 0 31957 
150 0.6 8.3333335E-4 14 1.2382511580877637E12 212474.6 2.7893272E7 0 25746 
150 0.6 8.3333335E-4 9 1.242323130970764E12 209877.84 2.7928556E7 0 28111 
150 0.6 8.3333335E-4 15 1.233099458928279E12 217925.4 2.8401516E7 0 27259 
150 0.6 8.3333335E-4 10 1.2382147004089119E12 212706.27 2.8155176E7 0 25020 
150 0.6 8.3333335E-4 16 1.2422089273738618E12 199053.66 2.675606E7 0 26597 
150 0.6 8.3333335E-4 11 1.2362516446411838E12 214783.89 2.8092252E7 0 25480 
150 0.6 8.3333335E-4 17 1.2329264675974102E12 217709.83 2.8241764E7 0 25928 
150 0.6 8.3333335E-4 12 1.2320622342496191E12 218778.08 2.8480968E7 0 27853 
150 0.6 8.3333335E-4 18 1.2378326729542212E12 213415.33 2.7977048E7 0 26637 
150 0.6 8.3333335E-4 13 1.2330110990836028E12 217811.73 2.849593E7 0 28548 
150 0.6 8.3333335E-4 19 1.237084009751003E12 213837.4 2.8333488E7 0 27007 
150 0.6 8.3333335E-4 20 1.2369648192077556E12 213632.92 2.7975052E7 0 24383 
150 0.6 8.3333335E-4 14 1.2367788203893787E12 215361.72 2.8143876E7 0 27488 
150 0.6 8.3333335E-4 21 1.236669946585983E12 214599.92 2.8113784E7 0 23484 
150 0.6 8.3333335E-4 15 1.2326378986244985E12 217855.1 2.8331736E7 0 26873 
150 0.6 8.3333335E-4 22 1.2370956339606682E12 214778.06 2.8204676E7 0 24907 
150 0.6 8.3333335E-4 16 1.2527442469497825E12 198893.12 2.6665192E7 0 28023 
150 0.6 8.3333335E-4 23 1.2437721231905356E12 197359.34 2.6537262E7 0 24912 
150 0.6 8.3333335E-4 17 1.2429081757107534E12 199297.69 2.6702336E7 0 28703 
150 0.6 8.3333335E-4 24 1.2330854495621042E12 217243.36 2.825746E7 0 29457 
150 0.6 8.3333335E-4 18 1.237003152336811E12 213459.22 2.7983668E7 0 29937 
150 0.6 8.3333335E-4 25 1.2334122510322568E12 217761.33 2.8426836E7 0 30054 
150 0.6 8.3333335E-4 19 1.2339332486742915E12 214549.6 2.8212678E7 0 29771 
150 0.6 8.3333335E-4 26 1.2327935061846064E12 217775.89 2.827926E7 0 25758 
150 0.6 8.3333335E-4 20 1.2340010365393396E12 215132.52 2.8226132E7 0 24274 
150 0.6 8.3333335E-4 27 1.2331494582049124E12 217578.83 2.8310062E7 0 28153 
150 0.6 8.3333335E-4 21 1.2327432646355205E12 218130.95 2.8332546E7 0 31312 
150 0.6 8.3333335E-4 28 1.2345250811936436E12 214826.73 2.8173144E7 0 30122 
150 0.6 8.3333335E-4 22 1.237120684946758E12 213345.58 2.811261E7 0 31014 
150 0.6 8.3333335E-4 29 1.243194351366974E12 198411.28 2.6665752E7 0 22112 
150 0.6 8.3333335E-4 23 1.252580868810189E12 199324.97 2.6752516E7 0 26765 
150 0.6 8.3333335E-4 30 1.2370476220255808E12 214866.6 2.8239052E7 0 25695 
150 0.6 8.3333335E-4 24 1.242716018761797E12 199318.3 2.6711288E7 0 28393 
150 0.6 8.3333335E-4 31 1.235311794280501E12 213978.36 2.8030012E7 0 25447 
150 0.6 8.3333335E-4 32 1.2326324997788716E12 218236.75 2.828954E7 0 24966 
150 0.6 8.3333335E-4 25 1.242475938266891E12 209780.8 2.7999596E7 0 30922 
150 0.6 8.3333335E-4 33 1.2333036337426848E12 215566.62 2.814346E7 0 25484 
150 0.6 8.3333335E-4 26 1.2431565789367505E12 198764.16 2.6608768E7 0 28621 
150 0.6 8.3333335E-4 34 1.2371143582735713E12 214743.52 2.8167116E7 0 26792 
150 0.6 8.3333335E-4 27 1.2471715571866377E12 195346.81 2.6424856E7 0 27409 
150 0.6 8.3333335E-4 35 1.2361517680374514E12 212596.88 2.78907E7 0 23688 
150 0.6 8.3333335E-4 28 1.2374867487635078E12 214055.77 2.8067742E7 0 24077 
150 0.6 8.3333335E-4 36 1.2338683046863188E12 215252.38 2.8194476E7 0 25014 
150 0.6 8.3333335E-4 29 1.2536770629396465E12 197439.05 2.6644998E7 0 28105 
150 0.6 8.3333335E-4 37 1.2328570074063406E12 217632.34 2.8664296E7 0 25666 
150 0.6 8.3333335E-4 30 1.232446229413566E12 217742.55 2.8278604E7 0 26472 
150 0.6 8.3333335E-4 38 1.2369991578143887E12 213569.64 2.7985464E7 0 23441 
150 0.6 8.3333335E-4 31 1.233832857272121E12 214839.78 2.8078048E7 0 24024 
150 0.6 8.3333335E-4 39 1.2339534400282754E12 215299.31 2.8244006E7 0 24358 
150 0.6 8.3333335E-4 32 1.2352912190755835E12 213544.0 2.8018604E7 0 25051 
150 0.6 8.3333335E-4 40 1.235544959675298E12 216076.73 2.826604E7 0 28452 
150 0.6 8.3333335E-4 33 1.2319917333090442E12 219388.28 2.864507E7 0 28557 
150 0.6 8.3333335E-4 41 1.2372440228499768E12 213907.11 2.8028968E7 0 21130 
150 0.6 8.3333335E-4 34 1.2420433388406597E12 199217.6 2.669356E7 0 29787 
150 0.6 8.3333335E-4 42 1.2517264437560642E12 199848.22 2.6777626E7 0 26231 
150 0.6 8.3333335E-4 35 1.2524005879625256E12 199958.25 2.6762012E7 0 26954 
150 0.6 8.3333335E-4 43 1.2368432566487085E12 215243.11 2.8252572E7 0 25925 
150 0.6 8.3333335E-4 36 1.2325508186239495E12 218435.98 2.8426616E7 0 25907 
150 0.6 8.3333335E-4 44 1.235017341220723E12 213619.86 2.7950774E7 0 25603 
150 0.6 8.3333335E-4 37 1.236441410301782E12 214853.36 2.8083672E7 0 22230 
150 0.6 8.3333335E-4 45 1.23527925097349E12 213565.81 2.798168E7 0 29889 
150 0.6 8.3333335E-4 38 1.2526529684707834E12 198974.5 2.6653708E7 0 28658 
150 0.6 8.3333335E-4 46 1.2382845724911467E12 212412.47 2.7857312E7 0 25584 
150 0.6 8.3333335E-4 39 1.2432541878569595E12 197936.72 2.6556788E7 0 27123 
150 0.6 8.3333335E-4 47 1.2337321381000764E12 215866.94 2.8200308E7 0 25291 
150 0.6 8.3333335E-4 40 1.2325726004097185E12 218006.62 2.8364384E7 0 28554 
150 0.6 8.3333335E-4 48 1.2349380165538965E12 214321.56 2.811577E7 0 27044 
150 0.6 8.3333335E-4 41 1.2370369872461135E12 213757.61 2.797124E7 0 25970 
150 0.6 8.3333335E-4 49 1.2421705774083628E12 198974.5 2.6653708E7 0 23242 
150 0.6 8.3333335E-4 42 1.232284249921002E12 219113.44 2.837355E7 0 21359 
150 0.6 0.001 0 1.2431872563410044E12 198491.03 2.6658876E7 0 30636 
150 0.6 8.3333335E-4 43 1.2427153999865334E12 199398.16 2.6727376E7 0 28246 
150 0.6 0.001 1 1.253719553087271E12 197587.17 2.6644872E7 0 24373 
150 0.6 8.3333335E-4 44 1.2325921584877578E12 218342.14 2.865768E7 0 27324 
150 0.6 0.001 2 1.2319376457195188E12 219106.66 2.8425402E7 0 22835 
150 0.6 8.3333335E-4 45 1.2334315771674321E12 217175.28 2.8268992E7 0 24446 
150 0.6 0.001 3 1.2367965217299502E12 214367.05 2.8047952E7 0 26210 
150 0.6 8.3333335E-4 46 1.2373125506012373E12 214377.7 2.8135328E7 0 26447 
150 0.6 0.001 4 1.2330671579981108E12 217482.83 2.8245382E7 0 29588 
150 0.6 8.3333335E-4 47 1.2327109462531829E12 218102.69 2.830114E7 0 25786 
150 0.6 0.001 5 1.236513504863988E12 214463.27 2.8077314E7 0 29560 
150 0.6 8.3333335E-4 48 1.2546877877510935E12 195085.23 2.6466224E7 0 25196 
150 0.6 0.001 6 1.2376978807919106E12 212536.47 2.8291168E7 0 27672 
150 0.6 8.3333335E-4 49 1.2350184975201135E12 213525.27 2.7984232E7 0 25346 
150 0.6 0.001 7 1.251607136016024E12 200680.7 2.6838996E7 0 30267 
150 0.6 0.001 0 1.2369929954720857E12 214967.28 2.8248114E7 0 27393 
150 0.6 0.001 8 1.252876517701197E12 198610.23 2.6658608E7 0 27330 
150 0.6 0.001 1 1.253218676630016E12 198839.66 2.6697682E7 0 26869 
150 0.6 0.001 9 1.2371338292615295E12 214110.47 2.8067424E7 0 25489 
150 0.6 0.001 2 1.2422779867850486E12 198921.58 2.6746512E7 0 24037 
150 0.6 0.001 10 1.235595642288137E12 212511.06 2.818218E7 0 25979 
150 0.6 0.001 3 1.2478271706860002E12 192716.34 2.6191538E7 0 29029 
150 0.6 0.001 11 1.2384359902686118E12 212130.78 2.7996192E7 0 28615 
150 0.6 0.001 4 1.2355288212738572E12 216106.19 2.818224E7 0 28970 
150 0.6 0.001 12 1.2321804651340269E12 218615.78 2.8349428E7 0 31671 
150 0.6 0.001 5 1.2320782315845483E12 219228.88 2.8451788E7 0 24765 
150 0.6 0.001 13 1.2525408374714473E12 199307.83 2.6769972E7 0 28291 
150 0.6 0.001 6 1.2355547863413E12 216058.8 2.8227556E7 0 28205 
150 0.6 0.001 14 1.2364206317770574E12 215058.02 2.8372212E7 0 24413 
150 0.6 0.001 7 1.2532558619992297E12 198741.62 2.6671366E7 0 25759 
150 0.6 0.001 15 1.2374711104516196E12 213920.78 2.8095204E7 0 26063 
150 0.6 0.001 8 1.2326025196969343E12 218477.08 2.85978E7 0 26545 
150 0.6 0.001 16 1.2372047307809487E12 213087.44 2.7980998E7 0 28735 
150 0.6 0.001 9 1.2370296668802202E12 213513.4 2.7924236E7 0 25544 
150 0.6 0.001 10 1.2364605107853474E12 214560.61 2.807464E7 0 25052 
150 0.6 0.001 17 1.2370627573963003E12 214838.69 2.8119926E7 0 28433 
150 0.6 0.001 18 1.2536173923128276E12 197962.55 2.666822E7 0 26001 
150 0.6 0.001 11 1.2340817419066519E12 215151.39 2.854894E7 0 31002 
150 0.6 0.001 19 1.2534547616370745E12 198184.4 2.667493E7 0 24867 
150 0.6 0.001 12 1.2330718478743677E12 217884.5 2.8349264E7 0 28487 
150 0.6 0.001 20 1.2380010076132422E12 212939.2 2.790724E7 0 31032 
150 0.6 0.001 13 1.2415741373962856E12 200204.25 2.6838132E7 0 28108 
150 0.6 0.001 21 1.2527986640567144E12 199015.53 2.6693818E7 0 26294 
150 0.6 0.001 22 1.252771589034405E12 199083.88 2.67107E7 0 24618 
150 0.6 0.001 23 1.2537670177681152E12 197641.11 2.6542936E7 0 25421 
150 0.6 0.001 24 1.2372887628912544E12 213824.5 2.798838E7 0 26949 
150 0.6 0.001 25 1.234116318904641E12 214564.14 2.8135668E7 0 28918 
150 0.6 0.001 26 1.2367941133899346E12 214204.98 2.8035152E7 0 24653 
150 0.6 0.001 27 1.2332878904293591E12 218267.31 2.8399864E7 0 24547 
150 0.6 0.001 28 1.23421255108234E12 214700.6 2.81075E7 0 26574 
150 0.6 0.001 29 1.2355117627671716E12 213525.02 2.7940292E7 0 29072 
150 0.6 0.001 30 1.238115725425167E12 212890.14 2.819198E7 0 22524 
150 0.6 0.001 31 1.2475844209962915E12 193200.34 2.6306188E7 0 27449 
150 0.6 0.001 32 1.2330133790614766E12 217392.7 2.8288546E7 0 29468 
150 0.6 0.001 33 1.233025308549749E12 216502.86 2.8296152E7 0 25438 
150 0.6 0.001 34 1.2360147959503904E12 215217.88 2.812531E7 0 24379 
150 0.6 0.001 35 1.2357505861050266E12 212705.73 2.794316E7 0 26199 
150 0.6 0.001 36 1.2324739325585679E12 218407.31 2.8328556E7 0 30268 
150 0.6 0.001 37 1.2529618658366975E12 198518.95 2.6636668E7 0 27473 
150 0.6 0.001 38 1.2363420938982727E12 215567.11 2.8378248E7 0 30800 
150 0.6 0.001 39 1.242237653430916E12 198974.27 2.6684746E7 0 25898 
150 0.6 0.001 40 1.2326485545245706E12 218263.77 2.8319152E7 0 28284 
150 0.6 0.001 41 1.2325495931274478E12 217557.61 2.8247724E7 0 29323 
150 0.6 0.001 42 1.242334186300632E12 198839.66 2.6697682E7 0 27934 
150 0.6 0.001 43 1.232750311896766E12 218081.47 2.8302744E7 0 28899 
150 0.6 0.001 44 1.2524740370388252E12 199096.92 2.6703448E7 0 26232 
150 0.6 0.001 45 1.2330363352822507E12 217622.22 2.8260274E7 0 24612 
150 0.6 0.001 46 1.2382929130694849E12 212560.88 2.8163052E7 0 27190 
150 0.6 0.001 47 1.2321245407249028E12 218317.33 2.834932E7 0 26069 
150 0.6 0.001 48 1.2333859689452222E12 217789.55 2.8337934E7 0 26998 
150 0.6 8.3333335E-4 0 1.2327740654437822E12 217914.88 2.827446E7 0 32420 
150 0.6 8.3333335E-4 1 1.234249965481659E12 214494.8 2.8104166E7 0 34424 
150 0.6 8.3333335E-4 2 1.2328745581806719E12 218178.06 2.8344524E7 0 27296 
150 0.6 8.3333335E-4 3 1.2532741621140947E12 198916.7 2.6670246E7 0 29560 
150 0.6 8.3333335E-4 4 1.2318166253497646E12 218729.36 2.843276E7 0 32211 
150 0.6 8.3333335E-4 5 1.2320654547548599E12 219089.16 2.8703304E7 0 31292 
150 0.6 8.3333335E-4 6 1.2325462608850605E12 218623.5 2.8406356E7 0 30489 
150 0.6 8.3333335E-4 7 1.2429240073894941E12 198983.39 2.6701658E7 0 31269 
150 0.6 8.3333335E-4 8 1.2426295735855796E12 198095.67 2.6574384E7 0 30751 
150 0.6 8.3333335E-4 9 1.2376660622213677E12 213560.06 2.7970364E7 0 26561 
150 0.6 8.3333335E-4 10 1.234774086819374E12 214003.44 2.804836E7 0 28494 
150 0.6 8.3333335E-4 11 1.2471715571866377E12 195346.81 2.6424856E7 0 28398 
150 0.6 8.3333335E-4 12 1.232340404223693E12 218621.44 2.8386484E7 0 28699 
150 0.6 8.3333335E-4 13 1.23463553851752E12 213713.9 2.7961122E7 0 27537 
150 0.6 8.3333335E-4 14 1.240507605797346E12 208246.73 2.7877896E7 0 29330 
150 0.6 8.3333335E-4 15 1.2347915884054622E12 214229.47 2.807966E7 0 29857 
150 0.6 8.3333335E-4 16 1.2522860257556409E12 200025.95 2.6768588E7 0 30730 
150 0.6 8.3333335E-4 17 1.2424896491663137E12 198961.94 2.6659074E7 0 31862 
150 0.6 8.3333335E-4 18 1.234620223757514E12 213935.3 2.800736E7 0 30260 
150 0.6 8.3333335E-4 19 1.2352683617954216E12 216581.1 2.8379312E7 0 30363 
150 0.6 8.3333335E-4 20 1.2428183272098137E12 197885.89 2.6639484E7 0 32395 
150 0.6 8.3333335E-4 21 1.2363660639908252E12 215523.12 2.818096E7 0 30878 
150 0.6 8.3333335E-4 22 1.2368432566487085E12 215243.11 2.8252572E7 0 32201 
150 0.6 8.3333335E-4 23 1.2528400844787437E12 198929.36 2.6686064E7 0 29869 
150 0.6 8.3333335E-4 24 1.2360953944904211E12 215230.27 2.8162512E7 0 28862 
150 0.6 8.3333335E-4 25 1.2423979774519224E12 199699.48 2.675537E7 0 29403 
150 0.6 8.3333335E-4 26 1.2352080511610454E12 213214.3 2.7977344E7 0 29341 
150 0.6 8.3333335E-4 27 1.2382745018136772E12 212431.19 2.789092E7 0 27858 
150 0.6 8.3333335E-4 28 1.2380520046235747E12 212844.56 2.8117544E7 0 27283 
150 0.6 8.3333335E-4 29 1.2557266232092205E12 193726.81 2.6321392E7 0 33970 
150 0.6 8.3333335E-4 30 1.2364709494640786E12 214541.44 2.8227576E7 0 26621 
150 0.6 8.3333335E-4 31 1.2337431629367512E12 215748.73 2.8186584E7 0 26866 
150 0.6 8.3333335E-4 32 1.2359366273985408E12 215417.89 2.8258004E7 0 28816 
150 0.6 8.3333335E-4 33 1.2420991471545815E12 199096.92 2.6703448E7 0 29870 
150 0.6 8.3333335E-4 34 1.232792001483996E12 217014.27 2.8231976E7 0 31767 
150 0.6 8.3333335E-4 35 1.2361691037543765E12 215519.39 2.8260952E7 0 31667 
150 0.6 8.3333335E-4 36 1.235051358819501E12 216976.14 2.8235264E7 0 28710 
150 0.6 8.3333335E-4 37 1.2361749136693042E12 215084.56 2.8203848E7 0 29889 
150 0.6 8.3333335E-4 38 1.2368261555799424E12 214677.45 2.80336E7 0 27584 
150 0.6 8.3333335E-4 39 1.2328965538848625E12 217769.95 2.8285462E7 0 27623 
150 0.6 8.3333335E-4 40 1.236019490212546E12 215266.22 2.822718E7 0 28407 
150 0.6 8.3333335E-4 41 1.2322895372921558E12 218904.72 2.858214E7 0 28136 
150 0.6 8.3333335E-4 42 1.2532558619992297E12 198741.62 2.6671366E7 0 26513 
150 0.6 8.3333335E-4 43 1.2367002652570935E12 214016.9 2.8066292E7 0 27225 
150 0.6 8.3333335E-4 44 1.2524849653225283E12 199074.27 2.6718712E7 0 28800 
150 0.6 8.3333335E-4 45 1.231930659277245E12 219134.44 2.84858E7 0 26946 
150 0.6 8.3333335E-4 46 1.2330699042902651E12 217560.14 2.8519864E7 0 26221 
150 0.6 8.3333335E-4 47 1.232691105969706E12 218347.44 2.8353292E7 0 23868 
150 0.6 8.3333335E-4 48 1.2419467101193237E12 199402.06 2.6749308E7 0 28268 
150 0.6 8.3333335E-4 49 1.2376286971821985E12 212664.56 2.7896524E7 0 25504 
150 0.6 0.001 0 1.2528400844787437E12 198929.36 2.6686064E7 0 30236 
150 0.6 0.001 1 1.2322776166795012E12 218763.12 2.8362948E7 0 27408 
150 0.6 0.001 2 1.2327450079523098E12 218258.9 2.8382964E7 0 29408 
150 0.6 0.001 3 1.2538376802240393E12 197339.38 2.6583176E7 0 30366 
150 0.6 0.001 4 1.232602309152232E12 217934.5 2.8254894E7 0 26527 
150 0.6 0.001 5 1.2352080511610454E12 213214.3 2.7977344E7 0 27951 
150 0.6 0.001 6 1.2358248289541936E12 216149.64 2.8214612E7 0 30377 
150 0.6 0.001 7 1.2327344807249597E12 217682.45 2.8493872E7 0 32502 
150 0.6 0.001 8 1.2522013587726658E12 199357.89 2.675505E7 0 32519 
150 0.6 0.001 9 1.2333736826841152E12 217409.72 2.867714E7 0 33396 
150 0.6 0.001 10 1.2528013550111685E12 199344.48 2.6705814E7 0 29611 
150 0.6 0.001 11 1.2344492587531611E12 214409.7 2.8277268E7 0 27602 
150 0.6 0.001 12 1.238487199268187E12 212035.44 2.783425E7 0 30904 
150 0.6 0.001 13 1.2329201011205574E12 217975.03 2.826998E7 0 28595 
150 0.6 0.001 14 1.2332667393450105E12 217217.6 2.8189972E7 0 30700 
150 0.6 0.001 15 1.2340129198446704E12 214937.45 2.8208584E7 0 31964 
150 0.6 0.001 16 1.2371474307931226E12 214682.52 2.812559E7 0 31358 
150 0.6 0.001 17 1.232453416772216E12 218613.02 2.855894E7 0 33447 
150 0.6 0.001 18 1.25265384292888E12 199316.53 2.6704032E7 0 29841 
150 0.6 0.001 19 1.23463553851752E12 213713.9 2.7961122E7 0 27481 
150 0.6 0.001 20 1.235143696238588E12 214721.83 2.8120222E7 0 34195 
150 0.6 0.001 21 1.2383861875099426E12 212223.47 2.7829964E7 0 29340 
150 0.6 0.001 22 1.2335256266815383E12 215870.23 2.819857E7 0 32850 
150 0.6 0.001 23 1.2369110547305923E12 214156.17 2.8114386E7 0 31059 
150 0.6 0.001 24 1.2325114222254902E12 218546.1 2.8591736E7 0 28740 
150 0.6 0.001 25 1.235428173987615E12 216289.8 2.8277636E7 0 32935 
150 0.6 0.001 26 1.2425039375671501E12 198336.52 2.6689656E7 0 30910 
150 0.6 0.001 27 1.2328789870816145E12 217834.61 2.8277012E7 0 30705 
150 0.6 0.001 28 1.235116534124629E12 213060.28 2.795386E7 0 30708 
150 0.6 0.001 29 1.2323588998739995E12 217789.55 2.8337934E7 0 28878 
150 0.6 0.001 30 1.23300206370943E12 217630.23 2.829228E7 0 35326 
150 0.6 0.001 31 1.2362975685063687E12 215648.8 2.8402136E7 0 30755 
150 0.6 0.001 32 1.2427351017087307E12 199316.53 2.6704032E7 0 31352 
150 0.6 0.001 33 1.2328601538514473E12 216892.08 2.8262498E7 0 24791 
150 0.6 0.001 34 1.2527553856015852E12 198765.42 2.6678984E7 0 25025 
150 0.6 0.001 35 1.236823644809181E12 213892.94 2.8035764E7 0 34363 
150 0.6 0.001 36 1.233421428250433E12 217195.52 2.81973E7 0 33618 
150 0.6 0.001 37 1.2428312957897766E12 197708.5 2.6556416E7 0 32804 
150 0.6 8.3333335E-4 0 1.2347163879198455E12 214248.78 2.7974316E7 0 28130 
150 0.6 8.3333335E-4 1 1.2377029473264497E12 213491.77 2.7984086E7 0 29587 
150 0.6 8.3333335E-4 2 1.242061634626266E12 199155.72 2.6755248E7 0 24350 
150 0.6 8.3333335E-4 3 1.236186083158415E12 212383.73 2.806937E7 0 26857 
150 0.6 8.3333335E-4 4 1.2417582581926758E12 199889.45 2.6767786E7 0 25174 
150 0.6 8.3333335E-4 5 1.242623543185776E12 199624.27 2.6758356E7 0 26323 
150 0.6 8.3333335E-4 6 1.2344408473067712E12 214132.72 2.8036156E7 0 27883 
150 0.6 8.3333335E-4 7 1.2521967277195642E12 199671.38 2.6821036E7 0 24124 
150 0.6 8.3333335E-4 8 1.2514932692215283E12 200830.53 2.684512E7 0 26867 
150 0.6 8.3333335E-4 9 1.23712466081706E12 214724.52 2.8310892E7 0 29278 
150 0.6 8.3333335E-4 10 1.2322807103323623E12 218587.67 2.844626E7 0 21681 
150 0.6 8.3333335E-4 11 1.2527770632507012E12 198576.81 2.6685402E7 0 24801 
150 0.6 8.3333335E-4 12 1.2364984645957935E12 215280.03 2.815058E7 0 27851 
150 0.6 8.3333335E-4 13 1.2425319615976726E12 199316.53 2.6704032E7 0 24055 
150 0.6 8.3333335E-4 14 1.2376085104255686E12 214336.0 2.8267094E7 0 26094 
150 0.6 8.3333335E-4 15 1.232957570094435E12 218564.0 2.8450582E7 0 26583 
150 0.6 8.3333335E-4 16 1.2366117885353857E12 214282.66 2.8063868E7 0 25763 
150 0.6 8.3333335E-4 17 1.241747220872391E12 199874.62 2.6780888E7 0 20979 
150 0.6 8.3333335E-4 18 1.24338583566647E12 197439.05 2.6644998E7 0 24839 
150 0.6 8.3333335E-4 19 1.2340998147965923E12 215034.81 2.8268792E7 0 28481 
150 0.6 8.3333335E-4 20 1.2329342239389895E12 217416.3 2.82275E7 0 26539 
150 0.6 8.3333335E-4 21 1.2349696481807422E12 213465.8 2.800766E7 0 25675 
150 0.6 8.3333335E-4 22 1.2334839906298274E12 217022.14 2.8179884E7 0 22535 
150 0.6 8.3333335E-4 23 1.2342858147074507E12 214866.6 2.8239052E7 0 26360 
150 0.6 8.3333335E-4 24 1.2360430478326846E12 215166.14 2.8061296E7 0 22983 
150 0.6 8.3333335E-4 25 1.2344124050767468E12 213725.5 2.8123518E7 0 23671 
150 0.6 8.3333335E-4 26 1.2327159123336516E12 218204.34 2.835338E7 0 25408 
150 0.6 8.3333335E-4 27 1.238306208367331E12 212372.23 2.8063626E7 0 23849 
150 0.6 8.3333335E-4 28 1.252760687734151E12 199106.55 2.6695436E7 0 27974 
150 0.6 8.3333335E-4 29 1.2321785916275273E12 218770.06 2.8446704E7 0 22721 
150 0.6 8.3333335E-4 30 1.2372254610788643E12 213941.38 2.7981596E7 0 22536 
150 0.6 8.3333335E-4 31 1.237912825762367E12 213102.8 2.795488E7 0 23762 
150 0.6 8.3333335E-4 32 1.2517722589973347E12 200927.55 2.68441E7 0 27303 
150 0.6 8.3333335E-4 33 1.2334273230101782E12 217063.58 2.8688228E7 0 25771 
150 0.6 8.3333335E-4 34 1.2322977139470574E12 218555.75 2.843845E7 0 26427 
150 0.6 8.3333335E-4 35 1.256030948942158E12 193982.77 2.6341224E7 0 26451 
150 0.6 8.3333335E-4 36 1.2317482480519397E12 219444.11 2.869882E7 0 24423 
150 0.6 8.3333335E-4 37 1.2522478493319888E12 200158.39 2.6779796E7 0 33792 
150 0.6 8.3333335E-4 38 1.2374065056776284E12 214204.11 2.8119704E7 0 32502 
150 0.6 8.3333335E-4 39 1.2349753699162812E12 217114.34 2.8219692E7 0 25387 
150 0.6 8.3333335E-4 40 1.2325146869916138E12 217620.08 2.8254484E7 0 22052 
150 0.6 8.3333335E-4 41 1.2316903005750122E12 218862.72 2.855323E7 0 27859 
150 0.6 8.3333335E-4 42 1.241920048156644E12 200032.05 2.6767688E7 0 30505 
150 0.6 8.3333335E-4 43 1.2375840060937742E12 213711.95 2.808032E7 0 30278 
150 0.6 8.3333335E-4 44 1.2340570173054631E12 214043.22 2.8166696E7 0 26468 
150 0.6 8.3333335E-4 45 1.2525973309137573E12 199300.17 2.6747396E7 0 24435 
150 0.6 8.3333335E-4 46 1.232317803717653E12 218892.33 2.8419926E7 0 28087 
150 0.6 8.3333335E-4 47 1.2329295587500635E12 217815.77 2.8275318E7 0 28538 
150 0.6 8.3333335E-4 48 1.2364918543905967E12 214503.05 2.803214E7 0 31014 
150 0.6 8.3333335E-4 49 1.2320195349690525E12 219705.38 2.8448528E7 0 23935 
150 0.6 0.001 0 1.255411787639203E12 193673.58 2.6341222E7 0 29613 
150 0.6 0.001 1 1.2329354894106008E12 217714.25 2.8285678E7 0 27649 
150 0.6 0.001 2 1.2528114872002986E12 199665.81 2.6763052E7 0 32762 
150 0.6 0.001 3 1.2382049664403306E12 212724.36 2.8201376E7 0 30359 
150 0.6 0.001 4 1.236941080614654E12 213516.67 2.8386932E7 0 26989 
150 0.6 0.001 5 1.2330001888904304E12 218020.48 2.833469E7 0 28727 
150 0.6 0.001 6 1.24216615293893E12 199110.95 2.6761544E7 0 30111 
150 0.6 0.001 7 1.2471715571866377E12 195346.81 2.6424856E7 0 28208 
150 0.6 0.001 8 1.2428567534290024E12 197812.08 2.6602856E7 0 27882 
150 0.6 0.001 9 1.235143696238588E12 214721.83 2.8120222E7 0 29874 
150 0.6 0.001 10 1.235740435082038E12 213569.98 2.8027698E7 0 24233 
150 0.6 0.001 11 1.2330274438963647E12 218106.03 2.835458E7 0 31947 
150 0.6 0.001 12 1.2353420280280203E12 212970.2 2.7921738E7 0 27417 
150 0.6 0.001 13 1.2551256753980972E12 194552.23 2.641036E7 0 26418 
150 0.6 0.001 14 1.2352630789378582E12 213257.22 2.7957348E7 0 28662 
150 0.6 0.001 15 1.2366624523775205E12 214189.52 2.8055484E7 0 25495 
150 0.6 0.001 16 1.2528114872002986E12 199665.81 2.6763052E7 0 31515 
150 0.6 0.001 17 1.24200950514864E12 200158.39 2.6779796E7 0 30213 
150 0.6 0.001 18 1.2424605376592234E12 199108.38 2.6689412E7 0 31718 
150 0.6 0.001 19 1.2357944407424773E12 216205.2 2.833915E7 0 30685 
150 0.6 0.001 20 1.2377548433244348E12 213559.55 2.8049316E7 0 30161 
150 0.6 0.001 21 1.2482398019610867E12 193380.84 2.6258408E7 0 30250 
150 0.6 0.001 22 1.2374408251175024E12 213976.77 2.7998328E7 0 29305 
150 0.6 0.001 23 1.2368045418184253E12 213928.11 2.8053168E7 0 27732 
150 0.6 0.001 24 1.2335766514790884E12 215986.95 2.8170932E7 0 29364 
150 0.6 0.001 25 1.236900350698852E12 213648.62 2.800551E7 0 26205 
150 0.6 0.001 26 1.2418756659261582E12 200198.55 2.6800284E7 0 29036 
150 0.6 0.001 27 1.2336715176993354E12 215002.1 2.8196572E7 0 28609 
150 0.6 0.001 28 1.2364302536091245E12 214513.1 2.813301E7 0 26322 
150 0.6 0.001 29 1.2380204181164417E12 212469.95 2.7859284E7 0 23769 
150 0.6 0.001 30 1.232485118775521E12 218299.86 2.8342928E7 0 28298 
150 0.6 0.001 31 1.2334258564625212E12 216594.14 2.820786E7 0 25833 
150 0.6 0.001 32 1.2355035721116338E12 216312.27 2.825198E7 0 27135 
150 0.6 0.001 33 1.2342988503697595E12 214544.42 2.8113164E7 0 24804 
150 0.6 0.001 34 1.2373182231887407E12 214203.33 2.7838208E7 0 32060 
150 0.6 0.001 35 1.2365189382513157E12 214710.98 2.80559E7 0 28737 
150 0.6 0.001 36 1.2333971287426143E12 215525.19 2.814804E7 0 27465 
150 0.6 0.001 37 1.2327881089161772E12 215951.5 2.8412432E7 0 28368 
150 0.6 0.001 38 1.2324155767840615E12 218624.92 2.8338356E7 0 24969 
150 0.6 0.001 39 1.2365570492886704E12 214223.27 2.8276928E7 0 28103 
150 0.6 0.001 40 1.2336047379931233E12 216973.75 2.8256618E7 0 26057 
150 0.6 0.001 41 1.2519075830347173E12 199629.8 2.6720544E7 0 32227 
150 0.6 0.001 42 1.232322347904307E12 218847.36 2.8356736E7 0 26579 
150 0.6 0.001 43 1.2355777474982268E12 212911.88 2.7930272E7 0 28383 
150 0.6 0.001 44 1.236211580060785E12 214914.28 2.8149396E7 0 29978 
150 0.6 0.001 45 1.241668353476526E12 199918.66 2.6785806E7 0 30639 
150 0.6 0.001 46 1.2375968070542659E12 213852.17 2.8023328E7 0 27924 
150 0.6 0.001 47 1.2343475057634338E12 214892.3 2.8169448E7 0 27592 
150 0.6 0.001 48 1.2319586519300195E12 219162.5 2.8482024E7 0 30850 
150 0.6 0.001 49 1.2366304134343125E12 214506.11 2.8086628E7 0 23850 
